1, 0, 0, 1, 1, 1.000000, 0.000030, 0.000004
1024, 4096, 5907, 5, 2059, 2.010742, 0.000752, 0.000122
512, 16384, 36458, 15, 3015, 5.888672, 0.001048, 0.000137
64, 0, 0, 1, 64, 1.000000, 0.000029, 0.000005
64, 2, 3, 2, 65, 1.015625, 0.000042, 0.000006
64, 2048, 5869, 16, 470, 7.343750, 0.000135, 0.000022
64, 256, 361, 4, 123, 1.921875, 0.000031, 0.000005
64, 32, 42, 2, 74, 1.156250, 0.000034, 0.000005
64, 4, 6, 2, 66, 1.031250, 0.000015, 0.000003
64, 4032, 47712, 64, 2080, 32.500000, 0.000829, 0.000438
64, 512, 861, 7, 180, 2.812500, 0.000062, 0.000009
64, 64, 92, 3, 88, 1.375000, 0.000019, 0.000003
1024, 512, 734, 3, 1234, 1.205078, 0.000220, 0.000048
64, 8, 12, 2, 68, 1.062500, 0.000030, 0.000005
64, 1024, 1882, 9, 251, 3.921875, 0.000141, 0.000020
64, 128, 171, 3, 96, 1.500000, 0.000024, 0.000003
64, 16, 23, 2, 71, 1.109375, 0.000017, 0.000012
8, 0, 0, 1, 8, 1.000000, 0.000024, 0.000004
8, 2, 3, 2, 9, 1.125000, 0.000014, 0.000001
8, 32, 42, 3, 16, 2.000000, 0.000015, 0.000002
8, 4, 6, 2, 10, 1.250000, 0.000012, 0.000002
8, 56, 140, 8, 36, 4.500000, 0.000017, 0.000002
8, 8, 11, 2, 11, 1.375000, 0.000013, 0.000002
1024, 524288, 8020288, 128, 59636, 58.238281, 0.034537, 0.018969
8, 16, 21, 3, 12, 1.500000, 0.000016, 0.000001
1024, 64, 95, 2, 1055, 1.030273, 0.000082, 0.000017
1024, 65536, 195280, 22, 9568, 9.343750, 0.004046, 0.000642
1024, 8, 12, 2, 1028, 1.003906, 0.000068, 0.000012
1024, 8192, 12780, 7, 2733, 2.668945, 0.000585, 0.000083
1024, 1024, 1429, 3, 1383, 1.350586, 0.000165, 0.000031
1024, 1047532, 176469257, 1014, 517841, 505.704102, 0.067355, 0.406474
1024, 128, 189, 2, 1085, 1.059570, 0.000077, 0.000015
1024, 0, 0, 1, 1024, 1.000000, 0.000087, 0.000016
1024, 131072, 586970, 37, 16186, 15.806641, 0.009526, 0.001715
1024, 16, 24, 2, 1032, 1.007812, 0.000066, 0.000012
1024, 16384, 28816, 10, 3919, 3.827148, 0.004045, 0.000577
128, 0, 0, 1, 128, 1.000000, 0.000059, 0.000009
128, 2, 3, 2, 129, 1.007812, 0.000020, 0.000002
128, 2048, 3802, 10, 499, 3.898438, 0.000143, 0.000029
128, 256, 339, 3, 196, 1.531250, 0.000035, 0.000007
128, 32, 46, 2, 142, 1.109375, 0.000022, 0.000003
128, 4, 6, 2, 130, 1.015625, 0.000019, 0.000003
128, 4096, 9572, 15, 813, 6.351562, 0.000258, 0.000038
1024, 2, 3, 2, 1025, 1.000977, 0.000137, 0.000026
128, 512, 696, 5, 241, 1.882812, 0.000050, 0.000008
128, 64, 91, 3, 154, 1.203125, 0.000024, 0.000005
128, 8, 12, 2, 132, 1.031250, 0.000041, 0.000007
128, 8192, 31096, 27, 1489, 11.632812, 0.001929, 0.000365
128, 1024, 1582, 7, 337, 2.632812, 0.000337, 0.000050
128, 128, 176, 3, 171, 1.335938, 0.000122, 0.000021
128, 16, 23, 2, 135, 1.054688, 0.000076, 0.000013
128, 16256, 365760, 128, 8256, 64.500000, 0.002296, 0.002227
16, 0, 0, 1, 16, 1.000000, 0.000014, 0.000002
16, 2, 3, 2, 17, 1.062500, 0.000015, 0.000001
1024, 2048, 2899, 4, 1648, 1.609375, 0.000221, 0.000039
16, 240, 920, 16, 136, 8.500000, 0.000038, 0.000005
16, 32, 41, 3, 24, 1.500000, 0.000060, 0.000007
16, 4, 5, 2, 17, 1.062500, 0.000015, 0.000002
16, 64, 92, 4, 33, 2.062500, 0.000023, 0.000003
16, 8, 11, 2, 19, 1.187500, 0.000028, 0.000004
16, 128, 222, 6, 50, 3.125000, 0.000082, 0.000013
16, 16, 23, 3, 21, 1.312500, 0.000024, 0.000003
2, 0, 0, 1, 2, 1.000000, 0.000013, 0.000002
2, 2, 3, 2, 3, 1.500000, 0.000019, 0.000002
256, 0, 0, 1, 256, 1.000000, 0.000036, 0.000005
1024, 256, 367, 2, 1135, 1.108398, 0.000253, 0.000053
256, 2, 3, 2, 257, 1.003906, 0.000029, 0.000005
256, 2048, 3126, 7, 674, 2.632812, 0.000246, 0.000035
256, 256, 367, 3, 348, 1.359375, 0.000046, 0.000009
256, 32, 47, 2, 271, 1.058594, 0.000028, 0.000005
256, 32768, 180932, 42, 5023, 19.621094, 0.008470, 0.002056
256, 4, 6, 2, 258, 1.007812, 0.000039, 0.000007
256, 4096, 7458, 9, 1019, 3.980469, 0.000271, 0.000037
256, 512, 720, 4, 408, 1.593750, 0.000063, 0.000010
256, 64, 89, 2, 281, 1.097656, 0.000032, 0.000006
256, 65280, 2861440, 256, 32896, 128.500000, 0.003913, 0.007032
1024, 262144, 2029502, 66, 29212, 28.527344, 0.025752, 0.005640
256, 8, 12, 2, 260, 1.015625, 0.000027, 0.000004
256, 8192, 18643, 15, 1541, 6.019531, 0.000667, 0.000092
256, 1024, 1490, 6, 506, 1.976562, 0.000096, 0.000014
256, 128, 180, 3, 305, 1.191406, 0.000058, 0.000011
256, 16, 23, 2, 263, 1.027344, 0.000056, 0.000010
256, 16384, 52769, 25, 2636, 10.296875, 0.003836, 0.000626
32, 0, 0, 1, 32, 1.000000, 0.000021, 0.000003
32, 2, 3, 2, 33, 1.031250, 0.000024, 0.000003
32, 256, 420, 6, 92, 2.875000, 0.000030, 0.000005
32, 32, 40, 2, 40, 1.250000, 0.000017, 0.000002
1024, 32, 48, 2, 1040, 1.015625, 0.000133, 0.000026
32, 4, 6, 2, 34, 1.062500, 0.000017, 0.000002
32, 512, 1124, 11, 142, 4.437500, 0.000088, 0.000015
32, 64, 90, 4, 49, 1.531250, 0.000018, 0.000004
32, 8, 11, 2, 35, 1.093750, 0.000048, 0.000007
32, 992, 6448, 32, 528, 16.500000, 0.000072, 0.000021
32, 128, 192, 5, 64, 2.000000, 0.000023, 0.000004
32, 16, 21, 2, 37, 1.156250, 0.000015, 0.000002
4, 0, 0, 1, 4, 1.000000, 0.000021, 0.000003
4, 2, 3, 2, 5, 1.250000, 0.000014, 0.000001
4, 4, 5, 2, 5, 1.250000, 0.000029, 0.000005
1024, 32768, 72431, 15, 6044, 5.902344, 0.002238, 0.000296
4, 8, 12, 3, 7, 1.750000, 0.000030, 0.000004
4, 12, 22, 4, 10, 2.500000, 0.000015, 0.000002
512, 0, 0, 1, 512, 1.000000, 0.000078, 0.000015
512, 2, 3, 2, 513, 1.001953, 0.000038, 0.000008
512, 2048, 2942, 5, 1019, 1.990234, 0.000174, 0.000030
512, 256, 361, 3, 613, 1.197266, 0.000135, 0.000027
512, 261632, 22631168, 512, 131328, 256.500000, 0.041124, 0.080171
512, 32, 48, 2, 528, 1.031250, 0.000223, 0.000035
512, 32768, 100793, 23, 4936, 9.640625, 0.005064, 0.000871
512, 4, 6, 2, 514, 1.003906, 0.000080, 0.000014
1024, 4, 6, 2, 1026, 1.001953, 0.000143, 0.000030
512, 4096, 6387, 7, 1374, 2.683594, 0.000296, 0.000043
512, 512, 704, 3, 685, 1.337891, 0.000097, 0.000020
512, 64, 95, 2, 543, 1.060547, 0.000046, 0.000009
512, 65536, 317635, 39, 8609, 16.814453, 0.004158, 0.000912
512, 8, 12, 2, 516, 1.007812, 0.000043, 0.000007
512, 8192, 14594, 11, 1983, 3.873047, 0.000630, 0.000083
512, 1024, 1420, 4, 817, 1.595703, 0.000112, 0.000020
512, 128, 188, 2, 572, 1.117188, 0.000049, 0.000010
512, 131072, 1190446, 77, 17249, 33.689453, 0.014178, 0.003203
512, 16, 24, 2, 520, 1.015625, 0.000044, 0.000009
