1, 0,  1, 0, 1, 1, 1.000000, 0.000020, 0.000007 
1, 0,  10, 0, 1, 10, 10.000000, 0.000032, 0.000010 
1024, 32,  10, 480, 2, 10400, 10.156250, 0.000168, 0.000741 
512, 1024,  10, 15468, 4, 8255, 16.123047, 0.000358, 0.000966 
512, 128,  1, 185, 2, 568, 1.109375, 0.000064, 0.000037 
512, 128,  2, 372, 2, 1136, 2.218750, 0.000064, 0.000059 
512, 128,  3, 563, 3, 1705, 3.330078, 0.000065, 0.000082 
512, 128,  4, 748, 2, 2274, 4.441406, 0.000063, 0.000109 
512, 128,  5, 932, 2, 2844, 5.554688, 0.000064, 0.000131 
512, 128,  6, 1117, 2, 3412, 6.664062, 0.000105, 0.000242 
512, 128,  7, 1321, 2, 3981, 7.775391, 0.000105, 0.000279 
512, 128,  8, 1506, 2, 4548, 8.882812, 0.000065, 0.000197 
512, 128,  9, 1694, 3, 5128, 10.015625, 0.000098, 0.000349 
1024, 32768,  1, 87772, 15, 6009, 5.868164, 0.007749, 0.001281 
512, 128,  10, 1881, 3, 5696, 11.125000, 0.000065, 0.000239 
512, 131072,  1, 1265975, 73, 16628, 32.476562, 0.008137, 0.002906 
512, 131072,  2, 2508443, 75, 33642, 65.707031, 0.008329, 0.005787 
512, 131072,  3, 3527350, 72, 49715, 97.099609, 0.008063, 0.010291 
512, 131072,  4, 4751204, 74, 66458, 129.800781, 0.015584, 0.012972 
512, 131072,  5, 6047327, 73, 84114, 164.285156, 0.012667, 0.013364 
512, 131072,  6, 7198634, 73, 100502, 196.292969, 0.013578, 0.016000 
512, 131072,  7, 8643289, 75, 118769, 231.970703, 0.007886, 0.019212 
512, 131072,  8, 9834599, 75, 135531, 264.708984, 0.014908, 0.025195 
512, 131072,  9, 10991561, 74, 150683, 294.302734, 0.008357, 0.024838 
1024, 32768,  2, 173476, 15, 12050, 11.767578, 0.008588, 0.003175 
512, 131072,  10, 12160589, 74, 167539, 327.224609, 0.019333, 0.030513 
512, 16,  1, 24, 2, 520, 1.015625, 0.000052, 0.000033 
512, 16,  2, 48, 2, 1040, 2.031250, 0.000074, 0.000075 
512, 16,  3, 72, 2, 1560, 3.046875, 0.000140, 0.000185 
512, 16,  4, 96, 2, 2080, 4.062500, 0.000156, 0.000269 
512, 16,  5, 120, 2, 2600, 5.078125, 0.000145, 0.000286 
512, 16,  6, 144, 2, 3120, 6.093750, 0.000126, 0.000304 
512, 16,  7, 168, 2, 3640, 7.109375, 0.000133, 0.000395 
512, 16,  8, 192, 2, 4160, 8.125000, 0.000156, 0.000477 
512, 16,  9, 216, 2, 4680, 9.140625, 0.000115, 0.000424 
1024, 32768,  3, 261726, 15, 18090, 17.666016, 0.005675, 0.002617 
512, 16,  10, 240, 2, 5200, 10.156250, 0.000188, 0.000608 
512, 16384,  1, 45242, 14, 3058, 5.972656, 0.004242, 0.000695 
512, 16384,  2, 86936, 14, 6006, 11.730469, 0.004276, 0.001317 
512, 16384,  3, 129601, 15, 9074, 17.722656, 0.003104, 0.001420 
512, 16384,  4, 176744, 15, 12228, 23.882812, 0.003109, 0.001914 
512, 16384,  5, 220621, 14, 15213, 29.712891, 0.003291, 0.002400 
512, 16384,  6, 270548, 15, 18301, 35.744141, 0.002132, 0.001984 
512, 16384,  7, 313959, 15, 21332, 41.664062, 0.004283, 0.004637 
512, 16384,  8, 351670, 15, 24275, 47.412109, 0.004256, 0.005233 
512, 16384,  9, 393543, 14, 27197, 53.119141, 0.004355, 0.005838 
1024, 32768,  4, 346479, 15, 24066, 23.501953, 0.008475, 0.005267 
512, 16384,  10, 443749, 15, 30349, 59.275391, 0.001534, 0.002392 
64, 0,  1, 0, 1, 64, 1.000000, 0.000025, 0.000016 
64, 0,  2, 0, 1, 128, 2.000000, 0.000042, 0.000025 
64, 0,  3, 0, 1, 192, 3.000000, 0.000023, 0.000016 
64, 0,  4, 0, 1, 256, 4.000000, 0.000045, 0.000054 
64, 0,  5, 0, 1, 320, 5.000000, 0.000052, 0.000054 
64, 0,  6, 0, 1, 384, 6.000000, 0.000051, 0.000060 
64, 0,  7, 0, 1, 448, 7.000000, 0.000017, 0.000025 
64, 0,  8, 0, 1, 512, 8.000000, 0.000031, 0.000051 
64, 0,  9, 0, 1, 576, 9.000000, 0.000029, 0.000054 
1024, 32768,  5, 434216, 15, 30052, 29.347656, 0.002414, 0.001725 
64, 0,  10, 0, 1, 640, 10.000000, 0.000019, 0.000032 
64, 2,  1, 3, 2, 65, 1.015625, 0.000018, 0.000011 
64, 2,  2, 6, 2, 130, 2.031250, 0.000021, 0.000010 
64, 2,  3, 9, 2, 195, 3.046875, 0.000034, 0.000031 
64, 2,  4, 12, 2, 260, 4.062500, 0.000038, 0.000030 
64, 2,  5, 15, 2, 325, 5.078125, 0.000047, 0.000042 
64, 2,  6, 18, 2, 390, 6.093750, 0.000033, 0.000035 
64, 2,  7, 21, 2, 455, 7.109375, 0.000051, 0.000076 
64, 2,  8, 24, 2, 520, 8.125000, 0.000032, 0.000043 
64, 2,  9, 27, 2, 585, 9.140625, 0.000020, 0.000028 
1024, 32768,  6, 523186, 15, 36013, 35.168945, 0.006137, 0.005302 
64, 2,  10, 30, 2, 650, 10.156250, 0.000020, 0.000031 
64, 2048,  1, 6097, 16, 440, 6.875000, 0.000179, 0.000039 
64, 2048,  2, 12392, 15, 867, 13.546875, 0.000178, 0.000069 
64, 2048,  3, 18967, 16, 1306, 20.406250, 0.000320, 0.000158 
64, 2048,  4, 26169, 17, 1776, 27.750000, 0.000180, 0.000133 
64, 2048,  5, 32475, 16, 2225, 34.765625, 0.000538, 0.000488 
64, 2048,  6, 39096, 15, 2686, 41.968750, 0.000426, 0.000475 
64, 2048,  7, 45321, 16, 3135, 48.984375, 0.000529, 0.000727 
64, 2048,  8, 52679, 16, 3555, 55.546875, 0.000477, 0.000698 
64, 2048,  9, 58957, 16, 3997, 62.453125, 0.000179, 0.000293 
1024, 32768,  7, 610757, 15, 42056, 41.070312, 0.006124, 0.009873 
64, 2048,  10, 66042, 16, 4480, 70.000000, 0.000250, 0.000464 
64, 256,  1, 413, 5, 135, 2.109375, 0.000068, 0.000022 
64, 256,  2, 782, 4, 246, 3.843750, 0.000041, 0.000020 
64, 256,  3, 1205, 5, 374, 5.843750, 0.000120, 0.000079 
64, 256,  4, 1708, 4, 527, 8.234375, 0.000087, 0.000074 
64, 256,  5, 2107, 4, 657, 10.265625, 0.000044, 0.000038 
64, 256,  6, 2465, 5, 770, 12.031250, 0.000044, 0.000044 
64, 256,  7, 2900, 5, 905, 14.140625, 0.000041, 0.000053 
64, 256,  8, 3262, 4, 1035, 16.171875, 0.000042, 0.000058 
64, 256,  9, 3666, 5, 1159, 18.109375, 0.000042, 0.000064 
1024, 32768,  8, 695176, 15, 47968, 46.843750, 0.003668, 0.003182 
64, 256,  10, 4130, 5, 1296, 20.250000, 0.000043, 0.000072 
64, 32,  1, 48, 3, 77, 1.203125, 0.000036, 0.000018 
64, 32,  2, 89, 2, 151, 2.359375, 0.000024, 0.000014 
64, 32,  3, 131, 2, 225, 3.515625, 0.000080, 0.000055 
64, 32,  4, 190, 3, 308, 4.812500, 0.000048, 0.000047 
64, 32,  5, 239, 3, 385, 6.015625, 0.000065, 0.000070 
64, 32,  6, 290, 3, 461, 7.203125, 0.000071, 0.000078 
64, 32,  7, 335, 3, 536, 8.375000, 0.000065, 0.000095 
64, 32,  8, 359, 2, 600, 9.375000, 0.000058, 0.000107 
64, 32,  9, 405, 3, 676, 10.562500, 0.000037, 0.000073 
1024, 32768,  9, 782223, 15, 53990, 52.724609, 0.002419, 0.002723 
64, 32,  10, 466, 3, 761, 11.890625, 0.000020, 0.000042 
64, 4,  1, 6, 2, 66, 1.031250, 0.000031, 0.000016 
64, 4,  2, 12, 2, 132, 2.062500, 0.000026, 0.000019 
64, 4,  3, 18, 2, 198, 3.093750, 0.000050, 0.000047 
64, 4,  4, 24, 2, 264, 4.125000, 0.000050, 0.000049 
64, 4,  5, 30, 2, 330, 5.156250, 0.000030, 0.000028 
64, 4,  6, 36, 2, 396, 6.187500, 0.000026, 0.000035 
64, 4,  7, 42, 2, 462, 7.218750, 0.000056, 0.000078 
64, 4,  8, 48, 2, 528, 8.250000, 0.000057, 0.000079 
64, 4,  9, 54, 2, 594, 9.281250, 0.000055, 0.000084 
1000, 999000,  1, 249454429, 1000, 500500, 500.500000, 0.127609, 0.508965 
1024, 32768,  10, 875041, 16, 60187, 58.776367, 0.008507, 0.012123 
64, 4,  10, 60, 2, 660, 10.312500, 0.000020, 0.000031 
64, 4032,  1, 70320, 64, 2080, 32.500000, 0.000499, 0.000462 
64, 4032,  2, 137419, 64, 4160, 65.000000, 0.000990, 0.001439 
64, 4032,  3, 203963, 64, 6240, 97.500000, 0.000994, 0.002176 
64, 4032,  4, 276182, 64, 8320, 130.000000, 0.000988, 0.002926 
64, 4032,  5, 345716, 64, 10400, 162.500000, 0.000992, 0.003657 
64, 4032,  6, 410679, 64, 12480, 195.000000, 0.000658, 0.003588 
64, 4032,  7, 476488, 64, 14560, 227.500000, 0.000989, 0.005041 
64, 4032,  8, 545999, 64, 16640, 260.000000, 0.000743, 0.004155 
64, 4032,  9, 614542, 64, 18720, 292.500000, 0.000994, 0.006425 
1024, 4,  1, 6, 2, 1026, 1.001953, 0.000172, 0.000117 
64, 4032,  10, 691823, 64, 20800, 325.000000, 0.000419, 0.003053 
64, 512,  1, 1007, 7, 183, 2.859375, 0.000169, 0.000041 
64, 512,  2, 1986, 8, 367, 5.734375, 0.000060, 0.000038 
64, 512,  3, 2844, 6, 527, 8.234375, 0.000099, 0.000053 
64, 512,  4, 3743, 6, 681, 10.640625, 0.000103, 0.000066 
64, 512,  5, 4678, 6, 854, 13.343750, 0.000177, 0.000158 
64, 512,  6, 5569, 6, 1050, 16.406250, 0.000134, 0.000131 
64, 512,  7, 6450, 7, 1228, 19.187500, 0.000177, 0.000212 
64, 512,  8, 7620, 7, 1416, 22.125000, 0.000176, 0.000246 
64, 512,  9, 8648, 7, 1599, 24.984375, 0.000175, 0.000271 
1024, 4,  2, 12, 2, 2052, 2.003906, 0.000257, 0.000284 
64, 512,  10, 9504, 8, 1777, 27.765625, 0.000074, 0.000126 
64, 64,  1, 90, 2, 86, 1.343750, 0.000024, 0.000012 
64, 64,  2, 193, 3, 174, 2.718750, 0.000025, 0.000017 
64, 64,  3, 282, 3, 260, 4.062500, 0.000043, 0.000030 
64, 64,  4, 369, 3, 346, 5.406250, 0.000025, 0.000023 
64, 64,  5, 462, 3, 432, 6.750000, 0.000040, 0.000043 
64, 64,  6, 563, 3, 525, 8.203125, 0.000065, 0.000083 
64, 64,  7, 655, 3, 612, 9.562500, 0.000027, 0.000036 
64, 64,  8, 752, 3, 698, 10.906250, 0.000024, 0.000042 
64, 64,  9, 842, 3, 784, 12.250000, 0.000035, 0.000071 
1024, 4,  3, 18, 2, 3078, 3.005859, 0.000209, 0.000312 
64, 64,  10, 925, 3, 867, 13.546875, 0.000018, 0.000036 
64, 8,  1, 12, 2, 68, 1.062500, 0.000021, 0.000010 
64, 8,  2, 24, 2, 136, 2.125000, 0.000029, 0.000022 
64, 8,  3, 36, 2, 204, 3.187500, 0.000056, 0.000041 
64, 8,  4, 48, 2, 272, 4.250000, 0.000053, 0.000058 
64, 8,  5, 60, 2, 340, 5.312500, 0.000051, 0.000064 
64, 8,  6, 72, 2, 408, 6.375000, 0.000043, 0.000070 
64, 8,  7, 84, 2, 476, 7.437500, 0.000058, 0.000075 
64, 8,  8, 96, 2, 544, 8.500000, 0.000042, 0.000059 
64, 8,  9, 108, 2, 612, 9.562500, 0.000047, 0.000074 
1024, 4,  4, 24, 2, 4104, 4.007812, 0.000086, 0.000171 
64, 8,  10, 120, 2, 680, 10.625000, 0.000022, 0.000032 
64, 1024,  1, 2604, 9, 270, 4.218750, 0.000101, 0.000022 
64, 1024,  2, 4976, 9, 533, 8.328125, 0.000101, 0.000037 
64, 1024,  3, 7110, 10, 818, 12.781250, 0.000156, 0.000090 
64, 1024,  4, 9506, 9, 1081, 16.890625, 0.000300, 0.000206 
64, 1024,  5, 11551, 10, 1317, 20.578125, 0.000293, 0.000254 
64, 1024,  6, 13760, 10, 1583, 24.734375, 0.000299, 0.000345 
64, 1024,  7, 17084, 10, 1916, 29.937500, 0.000185, 0.000220 
64, 1024,  8, 19593, 10, 2193, 34.265625, 0.000167, 0.000233 
64, 1024,  9, 20608, 10, 2325, 36.328125, 0.000291, 0.000433 
1024, 4,  5, 30, 2, 5130, 5.009766, 0.000087, 0.000208 
64, 1024,  10, 22881, 9, 2583, 40.359375, 0.000182, 0.000294 
64, 128,  1, 187, 4, 103, 1.609375, 0.000040, 0.000019 
64, 128,  2, 386, 3, 205, 3.203125, 0.000032, 0.000016 
64, 128,  3, 571, 4, 302, 4.718750, 0.000048, 0.000038 
64, 128,  4, 768, 3, 402, 6.281250, 0.000032, 0.000026 
64, 128,  5, 1000, 4, 520, 8.125000, 0.000045, 0.000054 
64, 128,  6, 1193, 4, 624, 9.750000, 0.000092, 0.000109 
64, 128,  7, 1358, 4, 722, 11.281250, 0.000092, 0.000123 
64, 128,  8, 1557, 4, 825, 12.890625, 0.000029, 0.000049 
64, 128,  9, 1732, 4, 917, 14.328125, 0.000036, 0.000068 
1024, 4,  6, 36, 2, 6156, 6.011719, 0.000087, 0.000244 
64, 128,  10, 1926, 3, 1022, 15.968750, 0.000085, 0.000175 
64, 16,  1, 23, 2, 70, 1.093750, 0.000060, 0.000038 
64, 16,  2, 45, 2, 140, 2.187500, 0.000044, 0.000031 
64, 16,  3, 68, 2, 210, 3.281250, 0.000060, 0.000050 
64, 16,  4, 92, 2, 282, 4.406250, 0.000059, 0.000052 
64, 16,  5, 113, 2, 352, 5.500000, 0.000054, 0.000055 
64, 16,  6, 137, 2, 424, 6.625000, 0.000036, 0.000040 
64, 16,  7, 162, 2, 496, 7.750000, 0.000027, 0.000036 
64, 16,  8, 184, 2, 566, 8.843750, 0.000022, 0.000029 
64, 16,  9, 208, 2, 638, 9.968750, 0.000056, 0.000104 
1024, 4,  7, 42, 2, 7182, 7.013672, 0.000089, 0.000279 
64, 16,  10, 230, 2, 708, 11.062500, 0.000058, 0.000109 
8, 0,  1, 0, 1, 8, 1.000000, 0.000017, 0.000007 
8, 0,  2, 0, 1, 16, 2.000000, 0.000029, 0.000012 
8, 0,  3, 0, 1, 24, 3.000000, 0.000039, 0.000018 
8, 0,  4, 0, 1, 32, 4.000000, 0.000040, 0.000020 
8, 0,  5, 0, 1, 40, 5.000000, 0.000039, 0.000026 
8, 0,  6, 0, 1, 48, 6.000000, 0.000041, 0.000026 
8, 0,  7, 0, 1, 56, 7.000000, 0.000039, 0.000020 
8, 0,  8, 0, 1, 64, 8.000000, 0.000017, 0.000014 
8, 0,  9, 0, 1, 72, 9.000000, 0.000024, 0.000013 
1024, 4,  8, 48, 2, 8208, 8.015625, 0.000097, 0.000361 
8, 0,  10, 0, 1, 80, 10.000000, 0.000014, 0.000007 
8, 2,  1, 3, 2, 9, 1.125000, 0.000022, 0.000008 
8, 2,  2, 6, 2, 18, 2.250000, 0.000019, 0.000010 
8, 2,  3, 9, 2, 27, 3.375000, 0.000043, 0.000026 
8, 2,  4, 12, 2, 36, 4.500000, 0.000026, 0.000012 
8, 2,  5, 15, 2, 45, 5.625000, 0.000022, 0.000010 
8, 2,  6, 18, 2, 54, 6.750000, 0.000015, 0.000010 
8, 2,  7, 21, 2, 63, 7.875000, 0.000037, 0.000030 
8, 2,  8, 24, 2, 72, 9.000000, 0.000024, 0.000018 
8, 2,  9, 27, 2, 81, 10.125000, 0.000045, 0.000024 
1024, 4,  9, 54, 2, 9234, 9.017578, 0.000151, 0.000604 
8, 2,  10, 30, 2, 90, 11.250000, 0.000022, 0.000016 
8, 32,  1, 51, 4, 17, 2.125000, 0.000018, 0.000008 
8, 32,  2, 102, 4, 34, 4.250000, 0.000016, 0.000008 
8, 32,  3, 196, 5, 61, 7.625000, 0.000082, 0.000024 
8, 32,  4, 252, 4, 79, 9.875000, 0.000030, 0.000021 
8, 32,  5, 272, 4, 90, 11.250000, 0.000023, 0.000017 
8, 32,  6, 336, 5, 112, 14.000000, 0.000028, 0.000015 
8, 32,  7, 387, 4, 129, 16.125000, 0.000018, 0.000011 
8, 32,  8, 441, 4, 147, 18.375000, 0.000027, 0.000022 
8, 32,  9, 496, 4, 165, 20.625000, 0.000018, 0.000012 
1000, 999000,  2, 501813138, 1000, 1001000, 1001.000000, 0.060455, 1.003085 
1024, 4,  10, 60, 2, 10260, 10.019531, 0.000090, 0.000399 
8, 32,  10, 555, 4, 182, 22.750000, 0.000017, 0.000016 
8, 4,  1, 6, 2, 9, 1.125000, 0.000015, 0.000009 
8, 4,  2, 12, 2, 18, 2.250000, 0.000024, 0.000013 
8, 4,  3, 17, 2, 28, 3.500000, 0.000030, 0.000017 
8, 4,  4, 22, 2, 37, 4.625000, 0.000033, 0.000024 
8, 4,  5, 27, 2, 47, 5.875000, 0.000043, 0.000028 
8, 4,  6, 32, 2, 56, 7.000000, 0.000035, 0.000026 
8, 4,  7, 40, 2, 67, 8.375000, 0.000039, 0.000031 
8, 4,  8, 45, 2, 76, 9.500000, 0.000036, 0.000031 
8, 4,  9, 48, 2, 83, 10.375000, 0.000026, 0.000015 
1024, 4096,  1, 6525, 6, 2037, 1.989258, 0.000729, 0.000192 
8, 4,  10, 53, 2, 92, 11.500000, 0.000043, 0.000027 
8, 56,  1, 157, 8, 36, 4.500000, 0.000022, 0.000011 
8, 56,  2, 336, 8, 72, 9.000000, 0.000019, 0.000010 
8, 56,  3, 508, 8, 108, 13.500000, 0.000020, 0.000010 
8, 56,  4, 657, 8, 144, 18.000000, 0.000027, 0.000021 
8, 56,  5, 856, 8, 180, 22.500000, 0.000021, 0.000013 
8, 56,  6, 1019, 8, 216, 27.000000, 0.000031, 0.000027 
8, 56,  7, 1186, 8, 252, 31.500000, 0.000026, 0.000020 
8, 56,  8, 1339, 8, 288, 36.000000, 0.000028, 0.000020 
8, 56,  9, 1507, 8, 324, 40.500000, 0.000055, 0.000056 
1024, 4096,  2, 13140, 5, 4101, 4.004883, 0.000785, 0.000375 
8, 56,  10, 1689, 8, 360, 45.000000, 0.000057, 0.000063 
8, 8,  1, 10, 2, 10, 1.250000, 0.000036, 0.000020 
8, 8,  2, 22, 2, 22, 2.750000, 0.000014, 0.000009 
8, 8,  3, 36, 2, 34, 4.250000, 0.000021, 0.000014 
8, 8,  4, 46, 2, 44, 5.500000, 0.000027, 0.000012 
8, 8,  5, 56, 2, 54, 6.750000, 0.000016, 0.000008 
8, 8,  6, 67, 2, 64, 8.000000, 0.000044, 0.000031 
8, 8,  7, 76, 2, 74, 9.250000, 0.000025, 0.000014 
8, 8,  8, 86, 2, 84, 10.500000, 0.000016, 0.000010 
8, 8,  9, 94, 2, 94, 11.750000, 0.000025, 0.000016 
1024, 4096,  3, 19607, 5, 6129, 5.985352, 0.000461, 0.000321 
8, 8,  10, 104, 2, 104, 13.000000, 0.000021, 0.000021 
8, 16,  1, 25, 3, 13, 1.625000, 0.000014, 0.000008 
8, 16,  2, 47, 3, 26, 3.250000, 0.000018, 0.000006 
8, 16,  3, 68, 3, 37, 4.625000, 0.000023, 0.000014 
8, 16,  4, 90, 3, 49, 6.125000, 0.000017, 0.000011 
8, 16,  5, 123, 3, 67, 8.375000, 0.000046, 0.000032 
8, 16,  6, 145, 3, 80, 10.000000, 0.000046, 0.000028 
8, 16,  7, 165, 3, 88, 11.000000, 0.000027, 0.000022 
8, 16,  8, 192, 3, 100, 12.500000, 0.000035, 0.000021 
8, 16,  9, 216, 3, 116, 14.500000, 0.000047, 0.000032 
1024, 4096,  4, 26139, 6, 8191, 7.999023, 0.000457, 0.000423 
8, 16,  10, 240, 3, 129, 16.125000, 0.000017, 0.000014 
90, 4000,  1, 13228, 18, 754, 8.377778, 0.000344, 0.000065 
90, 4000,  2, 27752, 20, 1545, 17.166667, 0.000558, 0.000131 
90, 4000,  3, 42804, 20, 2349, 26.100000, 0.000334, 0.000198 
90, 4000,  4, 59283, 20, 3166, 35.177778, 0.000999, 0.000783 
90, 4000,  5, 70209, 20, 3851, 42.788889, 0.001035, 0.000945 
90, 4000,  6, 86225, 20, 4614, 51.266667, 0.000998, 0.001141 
90, 4000,  7, 102810, 19, 5511, 61.233333, 0.000572, 0.000803 
90, 4000,  8, 119008, 21, 6382, 70.911111, 0.000533, 0.000860 
90, 4000,  9, 131500, 20, 6998, 77.755556, 0.000332, 0.000576 
1024, 4096,  5, 32822, 6, 10274, 10.033203, 0.000691, 0.000784 
90, 4000,  10, 146901, 19, 7799, 86.655556, 0.001006, 0.001875 
1024, 4096,  6, 39428, 6, 12310, 12.021484, 0.000461, 0.000602 
1024, 4096,  7, 45966, 6, 14346, 14.009766, 0.000766, 0.001238 
1024, 4096,  8, 52467, 5, 16416, 16.031250, 0.000742, 0.001308 
1024, 4096,  9, 58968, 5, 18454, 18.021484, 0.000733, 0.001463 
1000, 999000,  3, 754764577, 1000, 1501500, 1501.500000, 0.146030, 1.531990 
1024, 4096,  10, 65830, 5, 20556, 20.074219, 0.001574, 0.003070 
1024, 512,  1, 736, 3, 1224, 1.195312, 0.000340, 0.000171 
1024, 512,  2, 1482, 3, 2451, 2.393555, 0.000143, 0.000126 
1024, 512,  3, 2227, 3, 3685, 3.598633, 0.000223, 0.000289 
1024, 512,  4, 2956, 3, 4900, 4.785156, 0.000455, 0.000695 
1024, 512,  5, 3697, 3, 6122, 5.978516, 0.000148, 0.000299 
1024, 512,  6, 4407, 3, 7321, 7.149414, 0.000426, 0.001069 
1024, 512,  7, 5147, 3, 8543, 8.342773, 0.000374, 0.001060 
1024, 512,  8, 5870, 3, 9785, 9.555664, 0.000424, 0.001342 
1024, 512,  9, 6618, 3, 11015, 10.756836, 0.000429, 0.001392 
1000, 999000,  4, 996435038, 1000, 2002000, 2002.000000, 0.063812, 1.995026 
1024, 512,  10, 7424, 3, 12270, 11.982422, 0.000216, 0.000831 
1024, 524288,  1, 7788126, 131, 60226, 58.814453, 0.083292, 0.026516 
1024, 524288,  2, 15388281, 128, 118322, 115.548828, 0.037547, 0.031936 
1024, 524288,  3, 23243595, 128, 176456, 172.320312, 0.086712, 0.081158 
1024, 524288,  4, 30895863, 130, 235663, 230.139648, 0.083899, 0.074422 
1024, 524288,  5, 38225479, 130, 295765, 288.833008, 0.049972, 0.081077 
1024, 524288,  6, 45644307, 131, 355024, 346.703125, 0.057130, 0.107228 
1024, 524288,  7, 53053018, 130, 415861, 406.114258, 0.055876, 0.119135 
1024, 524288,  8, 60760107, 129, 474179, 463.065430, 0.031738, 0.125484 
1024, 524288,  9, 68332256, 130, 533258, 520.759766, 0.038119, 0.141520 
1000, 999000,  5, 1259093533, 1000, 2502500, 2502.500000, 0.074319, 2.495384 
1024, 524288,  10, 75599517, 130, 591204, 577.347656, 0.033735, 0.158662 
1024, 64,  1, 95, 2, 1055, 1.030273, 0.000095, 0.000057 
1024, 64,  2, 190, 2, 2109, 2.059570, 0.000223, 0.000260 
1024, 64,  3, 284, 2, 3162, 3.087891, 0.000109, 0.000158 
1024, 64,  4, 380, 2, 4217, 4.118164, 0.000275, 0.000530 
1024, 64,  5, 473, 2, 5270, 5.146484, 0.000096, 0.000216 
1024, 64,  6, 568, 2, 6324, 6.175781, 0.000130, 0.000336 
1024, 64,  7, 665, 2, 7382, 7.208984, 0.000286, 0.000943 
1024, 64,  8, 761, 2, 8437, 8.239258, 0.000301, 0.000898 
1024, 64,  9, 857, 2, 9491, 9.268555, 0.000201, 0.000816 
1000, 999000,  6, 1507077644, 1000, 3003000, 3003.000000, 0.080481, 3.016583 
1024, 64,  10, 953, 2, 10546, 10.298828, 0.000186, 0.001234 
1024, 65536,  1, 231654, 24, 9684, 9.457031, 0.014372, 0.001839 
1024, 65536,  2, 468183, 23, 19323, 18.870117, 0.016190, 0.005018 
1024, 65536,  3, 680886, 23, 28829, 28.153320, 0.014159, 0.005146 
1024, 65536,  4, 911866, 24, 38543, 37.639648, 0.016113, 0.009559 
1024, 65536,  5, 1146737, 23, 48184, 47.054688, 0.016435, 0.011630 
1024, 65536,  6, 1372946, 22, 57511, 56.163086, 0.013811, 0.010133 
1024, 65536,  7, 1601370, 24, 67117, 65.543945, 0.014323, 0.013540 
1024, 65536,  8, 1872588, 23, 77507, 75.690430, 0.014627, 0.015207 
1024, 65536,  9, 2100522, 24, 87069, 85.028320, 0.010199, 0.009487 
1000, 999000,  7, 1751909517, 1000, 3503500, 3503.500000, 0.069240, 3.499596 
1024, 65536,  10, 2299618, 24, 96476, 94.214844, 0.016320, 0.022726 
1024, 8,  1, 12, 2, 1028, 1.003906, 0.000194, 0.000121 
1024, 8,  2, 24, 2, 2056, 2.007812, 0.000118, 0.000126 
1024, 8,  3, 36, 2, 3084, 3.011719, 0.000131, 0.000132 
1024, 8,  4, 48, 2, 4112, 4.015625, 0.000314, 0.000506 
1024, 8,  5, 60, 2, 5140, 5.019531, 0.000192, 0.000447 
1024, 8,  6, 72, 2, 6168, 6.023438, 0.000090, 0.000244 
1024, 8,  7, 84, 2, 7196, 7.027344, 0.000088, 0.000281 
1024, 8,  8, 96, 2, 8224, 8.031250, 0.000139, 0.000528 
1024, 8,  9, 108, 2, 9252, 9.035156, 0.000139, 0.000571 
1000, 999000,  8, 2013058408, 1000, 4004000, 4004.000000, 0.145709, 4.040499 
1024, 8,  10, 120, 2, 10280, 10.039062, 0.000206, 0.000967 
1024, 8192,  1, 14986, 7, 2782, 2.716797, 0.001764, 0.000356 
1024, 8192,  2, 29374, 7, 5526, 5.396484, 0.001985, 0.000741 
1024, 8192,  3, 43927, 7, 8245, 8.051758, 0.002156, 0.001244 
1024, 8192,  4, 58784, 7, 10993, 10.735352, 0.001008, 0.000784 
1024, 8192,  5, 73719, 7, 13748, 13.425781, 0.000818, 0.000558 
1024, 8192,  6, 87946, 7, 16516, 16.128906, 0.000799, 0.000857 
1024, 8192,  7, 102347, 7, 19214, 18.763672, 0.000799, 0.000879 
1024, 8192,  8, 116796, 7, 21922, 21.408203, 0.002324, 0.003045 
1024, 8192,  9, 131750, 7, 24689, 24.110352, 0.002408, 0.003857 
1000, 999000,  9, -2035132869, 1000, 4504500, 4504.500000, 0.059346, 4.476131 
1024, 8192,  10, 146744, 7, 27421, 26.778320, 0.001900, 0.003438 
1024, 1024,  1, 1493, 4, 1382, 1.349609, 0.000411, 0.000167 
1024, 1024,  2, 2913, 3, 2729, 2.665039, 0.000570, 0.000469 
1024, 1024,  3, 4380, 4, 4101, 4.004883, 0.000468, 0.000531 
1024, 1024,  4, 5960, 3, 5507, 5.377930, 0.000667, 0.000848 
1024, 1024,  5, 7463, 4, 6880, 6.718750, 0.000571, 0.001039 
1024, 1024,  6, 8953, 4, 8251, 8.057617, 0.000516, 0.001136 
1024, 1024,  7, 10445, 4, 9628, 9.402344, 0.000392, 0.000744 
1024, 1024,  8, 11883, 4, 10983, 10.725586, 0.000516, 0.001453 
1024, 1024,  9, 13379, 3, 12367, 12.077148, 0.000317, 0.000980 
1, 0,  2, 0, 1, 2, 2.000000, 0.000038, 0.000013 
1000, 999000,  10, -1795170979, 1000, 5005000, 5005.000000, 0.059276, 4.955181 
1024, 1024,  10, 14884, 4, 13718, 13.396484, 0.000510, 0.001790 
1024, 1047532,  1, 264758940, 1014, 517305, 505.180664, 0.144679, 0.575199 
1024, 1047532,  2, 520862948, 1014, 1035204, 1010.941406, 0.069937, 1.036663 
1024, 1047532,  3, 799290056, 1014, 1554249, 1517.821289, 0.070071, 1.592463 
1024, 1047532,  4, 1062861111, 1014, 2074193, 2025.579102, 0.061944, 2.105850 
1024, 1047532,  5, 1329345177, 1014, 2589689, 2528.993164, 0.110571, 2.661204 
1024, 1047532,  6, 1591654797, 1014, 3109289, 3036.415039, 0.062192, 3.156446 
1024, 1047532,  7, 1858524353, 1014, 3624888, 3539.929688, 0.068671, 3.728827 
1024, 1047532,  8, 2130727474, 1014, 4142209, 4045.125977, 0.063515, 4.233808 
1024, 1047532,  9, -1902694772, 1014, 4661593, 4552.336914, 0.137834, 4.842161 
100, 9800,  1, 174785, 75, 3558, 35.580000, 0.000787, 0.000544 
1024, 1047532,  10, -1633233672, 1014, 5183343, 5061.858398, 0.062461, 5.347503 
1024, 128,  1, 190, 2, 1083, 1.057617, 0.000100, 0.000062 
1024, 128,  2, 380, 3, 2171, 2.120117, 0.000204, 0.000106 
1024, 128,  3, 571, 3, 3257, 3.180664, 0.000097, 0.000138 
1024, 128,  4, 756, 2, 4335, 4.233398, 0.000102, 0.000266 
1024, 128,  5, 946, 2, 5419, 5.291992, 0.000269, 0.000622 
1024, 128,  6, 1126, 2, 6496, 6.343750, 0.000304, 0.000802 
1024, 128,  7, 1313, 2, 7577, 7.399414, 0.000302, 0.000931 
1024, 128,  8, 1512, 3, 8663, 8.459961, 0.000243, 0.000845 
1024, 128,  9, 1702, 2, 9748, 9.519531, 0.000297, 0.001200 
100, 9800,  2, 336514, 76, 7129, 71.290000, 0.000787, 0.001014 
1024, 128,  10, 1893, 2, 10836, 10.582031, 0.000228, 0.000955 
1024, 131072,  1, 673550, 38, 16341, 15.958008, 0.033008, 0.005272 
1024, 131072,  2, 1326430, 38, 32696, 31.929688, 0.021980, 0.006403 
1024, 131072,  3, 1964863, 37, 48708, 47.566406, 0.008222, 0.004996 
1024, 131072,  4, 2604276, 38, 64980, 63.457031, 0.008257, 0.006736 
1024, 131072,  5, 3269027, 37, 81179, 79.276367, 0.014629, 0.009238 
1024, 131072,  6, 3923372, 38, 97466, 95.181641, 0.008270, 0.009514 
1024, 131072,  7, 4568730, 37, 113509, 110.848633, 0.015808, 0.012936 
1024, 131072,  8, 5237569, 38, 130077, 127.028320, 0.014750, 0.013845 
1024, 131072,  9, 5907179, 38, 147745, 144.282227, 0.016123, 0.017940 
100, 9800,  3, 506640, 76, 10607, 106.070000, 0.000818, 0.001433 
1024, 131072,  10, 6590613, 38, 164264, 160.414062, 0.016753, 0.018531 
1024, 16,  1, 24, 2, 1032, 1.007812, 0.000194, 0.000124 
1024, 16,  2, 48, 2, 2064, 2.015625, 0.000136, 0.000143 
1024, 16,  3, 72, 2, 3096, 3.023438, 0.000134, 0.000197 
1024, 16,  4, 96, 2, 4128, 4.031250, 0.000232, 0.000459 
1024, 16,  5, 120, 2, 5160, 5.039062, 0.000267, 0.000618 
1024, 16,  6, 144, 2, 6192, 6.046875, 0.000286, 0.000786 
1024, 16,  7, 168, 2, 7224, 7.054688, 0.000208, 0.000682 
1024, 16,  8, 192, 2, 8256, 8.062500, 0.000266, 0.001030 
1024, 16,  9, 216, 2, 9288, 9.070312, 0.000237, 0.001004 
100, 9800,  4, 667322, 76, 14191, 141.910000, 0.001647, 0.005208 
1024, 16,  10, 240, 2, 10320, 10.078125, 0.000199, 0.000863 
1024, 16384,  1, 34257, 10, 3921, 3.829102, 0.001441, 0.000241 
1024, 16384,  2, 69202, 11, 7888, 7.703125, 0.001451, 0.000340 
1024, 16384,  3, 105949, 10, 11892, 11.613281, 0.001496, 0.000569 
1024, 16384,  4, 140274, 11, 15805, 15.434570, 0.003032, 0.001820 
1024, 16384,  5, 175217, 10, 19684, 19.222656, 0.004449, 0.003525 
1024, 16384,  6, 210026, 10, 23610, 23.056641, 0.003613, 0.003374 
1024, 16384,  7, 243716, 10, 27705, 27.055664, 0.003835, 0.004923 
1024, 16384,  8, 278884, 11, 31667, 30.924805, 0.004218, 0.005609 
1024, 16384,  9, 311562, 10, 35328, 34.500000, 0.002538, 0.003569 
100, 9800,  5, 857804, 78, 17938, 179.380000, 0.002339, 0.007690 
1024, 16384,  10, 346880, 10, 39291, 38.370117, 0.003268, 0.005430 
0, 0,  1, 0, 0, 0, -nan, 0.000015, 0.000001 
0, 0,  2, 0, 0, 0, -nan, 0.000033, 0.000001 
0, 0,  3, 0, 0, 0, -nan, 0.000015, 0.000001 
0, 0,  4, 0, 0, 0, -nan, 0.000017, 0.000001 
0, 0,  5, 0, 0, 0, -nan, 0.000013, 0.000001 
0, 0,  6, 0, 0, 0, -nan, 0.000020, 0.000001 
0, 0,  7, 0, 0, 0, -nan, 0.000017, 0.000001 
0, 0,  8, 0, 0, 0, -nan, 0.000018, 0.000001 
0, 0,  9, 0, 0, 0, -nan, 0.000032, 0.000001 
100, 9800,  6, 1005981, 76, 21319, 213.190000, 0.000791, 0.002942 
0, 0,  10, 0, 0, 0, -nan, 0.000033, 0.000001 
128, 0,  1, 0, 1, 128, 1.000000, 0.000055, 0.000035 
128, 0,  2, 0, 1, 256, 2.000000, 0.000061, 0.000053 
128, 0,  3, 0, 1, 384, 3.000000, 0.000029, 0.000031 
128, 0,  4, 0, 1, 512, 4.000000, 0.000021, 0.000028 
128, 0,  5, 0, 1, 640, 5.000000, 0.000035, 0.000048 
128, 0,  6, 0, 1, 768, 6.000000, 0.000058, 0.000111 
128, 0,  7, 0, 1, 896, 7.000000, 0.000102, 0.000158 
128, 0,  8, 0, 1, 1024, 8.000000, 0.000066, 0.000130 
128, 0,  9, 0, 1, 1152, 9.000000, 0.000059, 0.000153 
100, 9800,  7, 1181856, 74, 24911, 249.110000, 0.000795, 0.002831 
128, 0,  10, 0, 1, 1280, 10.000000, 0.000059, 0.000142 
128, 2,  1, 3, 2, 129, 1.007812, 0.000047, 0.000028 
128, 2,  2, 6, 2, 258, 2.015625, 0.000051, 0.000028 
128, 2,  3, 9, 2, 387, 3.023438, 0.000038, 0.000032 
128, 2,  4, 12, 2, 516, 4.031250, 0.000024, 0.000027 
128, 2,  5, 15, 2, 645, 5.039062, 0.000027, 0.000031 
128, 2,  6, 18, 2, 774, 6.046875, 0.000064, 0.000112 
128, 2,  7, 21, 2, 903, 7.054688, 0.000068, 0.000121 
128, 2,  8, 24, 2, 1032, 8.062500, 0.000068, 0.000139 
128, 2,  9, 27, 2, 1161, 9.070312, 0.000063, 0.000155 
100, 9800,  8, 1380134, 76, 28439, 284.390000, 0.000769, 0.003252 
128, 2,  10, 30, 2, 1290, 10.078125, 0.000057, 0.000150 
128, 2048,  1, 4437, 10, 523, 4.085938, 0.000572, 0.000109 
128, 2048,  2, 9016, 11, 1048, 8.187500, 0.000359, 0.000124 
128, 2048,  3, 13553, 9, 1514, 11.828125, 0.000572, 0.000288 
128, 2048,  4, 17873, 9, 2001, 15.632812, 0.000208, 0.000136 
128, 2048,  5, 21893, 9, 2533, 19.789062, 0.000223, 0.000169 
128, 2048,  6, 26227, 10, 3026, 23.640625, 0.000571, 0.000582 
128, 2048,  7, 31263, 10, 3538, 27.640625, 0.000447, 0.000466 
128, 2048,  8, 34945, 10, 3994, 31.203125, 0.000443, 0.000521 
128, 2048,  9, 39469, 10, 4540, 35.468750, 0.000240, 0.000358 
100, 9800,  9, 1555308, 76, 31972, 319.720000, 0.002144, 0.013745 
128, 2048,  10, 44583, 10, 5052, 39.468750, 0.000511, 0.000785 
128, 256,  1, 393, 4, 206, 1.609375, 0.000126, 0.000048 
128, 256,  2, 762, 4, 403, 3.148438, 0.000173, 0.000094 
128, 256,  3, 1131, 4, 600, 4.687500, 0.000096, 0.000072 
128, 256,  4, 1526, 3, 815, 6.367188, 0.000136, 0.000146 
128, 256,  5, 1899, 4, 1014, 7.921875, 0.000136, 0.000177 
128, 256,  6, 2291, 4, 1202, 9.390625, 0.000085, 0.000125 
128, 256,  7, 2649, 3, 1401, 10.945312, 0.000143, 0.000233 
128, 256,  8, 3046, 4, 1630, 12.734375, 0.000142, 0.000255 
128, 256,  9, 3425, 4, 1832, 14.312500, 0.000076, 0.000152 
1, 0,  3, 0, 1, 3, 3.000000, 0.000028, 0.000009 
100, 9800,  10, 1747671, 77, 35951, 359.510000, 0.001185, 0.013846 
128, 256,  10, 3746, 4, 1997, 15.601562, 0.000068, 0.000159 
128, 32,  1, 46, 2, 142, 1.109375, 0.000038, 0.000018 
128, 32,  2, 95, 2, 285, 2.226562, 0.000060, 0.000048 
128, 32,  3, 144, 3, 429, 3.351562, 0.000043, 0.000038 
128, 32,  4, 192, 3, 573, 4.476562, 0.000038, 0.000043 
128, 32,  5, 238, 2, 715, 5.585938, 0.000036, 0.000049 
128, 32,  6, 284, 3, 857, 6.695312, 0.000052, 0.000087 
128, 32,  7, 332, 3, 1000, 7.812500, 0.000068, 0.000132 
128, 32,  8, 379, 2, 1139, 8.898438, 0.000071, 0.000147 
128, 32,  9, 428, 3, 1282, 10.015625, 0.000030, 0.000065 
10, 30,  1, 49, 4, 19, 1.900000, 0.000017, 0.000008 
128, 32,  10, 472, 2, 1423, 11.117188, 0.000079, 0.000202 
128, 4,  1, 6, 2, 130, 1.015625, 0.000063, 0.000039 
128, 4,  2, 12, 2, 260, 2.031250, 0.000047, 0.000040 
128, 4,  3, 18, 2, 390, 3.046875, 0.000051, 0.000046 
128, 4,  4, 24, 2, 520, 4.062500, 0.000070, 0.000077 
128, 4,  5, 30, 2, 650, 5.078125, 0.000071, 0.000092 
128, 4,  6, 36, 2, 780, 6.093750, 0.000076, 0.000106 
128, 4,  7, 42, 2, 910, 7.109375, 0.000030, 0.000053 
128, 4,  8, 48, 2, 1040, 8.125000, 0.000034, 0.000071 
128, 4,  9, 54, 2, 1170, 9.140625, 0.000023, 0.000053 
10, 30,  2, 107, 4, 42, 4.200000, 0.000019, 0.000007 
128, 4,  10, 60, 2, 1300, 10.156250, 0.000036, 0.000083 
128, 4096,  1, 12064, 14, 823, 6.429688, 0.000372, 0.000067 
128, 4096,  2, 23886, 15, 1665, 13.007812, 0.000351, 0.000125 
128, 4096,  3, 34654, 15, 2429, 18.976562, 0.000938, 0.000478 
128, 4096,  4, 46606, 15, 3169, 24.757812, 0.000350, 0.000234 
128, 4096,  5, 57676, 14, 3983, 31.117188, 0.000445, 0.000364 
128, 4096,  6, 69871, 15, 4847, 37.867188, 0.000515, 0.000491 
128, 4096,  7, 82184, 15, 5676, 44.343750, 0.000353, 0.000402 
128, 4096,  8, 93041, 16, 6395, 49.960938, 0.001062, 0.001318 
128, 4096,  9, 104171, 14, 7153, 55.882812, 0.001050, 0.001539 
10, 30,  3, 160, 4, 62, 6.200000, 0.000029, 0.000016 
128, 4096,  10, 114404, 15, 8018, 62.640625, 0.001098, 0.001710 
128, 512,  1, 869, 5, 265, 2.070312, 0.000205, 0.000057 
128, 512,  2, 1580, 4, 502, 3.921875, 0.000180, 0.000085 
128, 512,  3, 2428, 5, 765, 5.976562, 0.000079, 0.000054 
128, 512,  4, 3255, 5, 1023, 7.992188, 0.000070, 0.000059 
128, 512,  5, 4108, 5, 1281, 10.007812, 0.000067, 0.000071 
128, 512,  6, 4858, 5, 1536, 12.000000, 0.000069, 0.000081 
128, 512,  7, 5655, 5, 1795, 14.023438, 0.000068, 0.000094 
128, 512,  8, 6419, 5, 2046, 15.984375, 0.000070, 0.000105 
128, 512,  9, 7241, 5, 2304, 18.000000, 0.000204, 0.000353 
10, 30,  4, 192, 4, 76, 7.600000, 0.000015, 0.000011 
128, 512,  10, 8251, 5, 2592, 20.250000, 0.000158, 0.000323 
128, 64,  1, 96, 3, 155, 1.210938, 0.000092, 0.000046 
128, 64,  2, 189, 3, 304, 2.375000, 0.000052, 0.000039 
128, 64,  3, 280, 3, 457, 3.570312, 0.000031, 0.000030 
128, 64,  4, 382, 3, 616, 4.812500, 0.000035, 0.000037 
128, 64,  5, 481, 3, 771, 6.023438, 0.000029, 0.000043 
128, 64,  6, 551, 2, 915, 7.148438, 0.000060, 0.000096 
128, 64,  7, 646, 3, 1068, 8.343750, 0.000089, 0.000164 
128, 64,  8, 753, 3, 1229, 9.601562, 0.000053, 0.000105 
128, 64,  9, 844, 3, 1380, 10.781250, 0.000049, 0.000120 
10, 30,  5, 244, 4, 95, 9.500000, 0.000025, 0.000020 
128, 64,  10, 944, 3, 1537, 12.007812, 0.000069, 0.000163 
128, 8,  1, 12, 2, 132, 1.031250, 0.000052, 0.000032 
128, 8,  2, 24, 2, 264, 2.062500, 0.000025, 0.000017 
128, 8,  3, 36, 2, 396, 3.093750, 0.000064, 0.000070 
128, 8,  4, 48, 2, 528, 4.125000, 0.000047, 0.000052 
128, 8,  5, 60, 2, 660, 5.156250, 0.000043, 0.000034 
128, 8,  6, 72, 2, 792, 6.187500, 0.000023, 0.000039 
128, 8,  7, 84, 2, 924, 7.218750, 0.000025, 0.000044 
128, 8,  8, 96, 2, 1056, 8.250000, 0.000064, 0.000124 
128, 8,  9, 108, 2, 1188, 9.281250, 0.000031, 0.000073 
10, 30,  6, 328, 5, 123, 12.300000, 0.000017, 0.000013 
128, 8,  10, 120, 2, 1320, 10.312500, 0.000072, 0.000169 
128, 8192,  1, 37109, 27, 1499, 11.710938, 0.002018, 0.000449 
128, 8192,  2, 75313, 26, 2929, 22.882812, 0.001015, 0.000448 
128, 8192,  3, 110233, 27, 4448, 34.750000, 0.000673, 0.000435 
128, 8192,  4, 148818, 26, 5863, 45.804688, 0.001012, 0.000869 
128, 8192,  5, 184505, 25, 7292, 56.968750, 0.001088, 0.001151 
128, 8192,  6, 226223, 26, 8778, 68.578125, 0.000675, 0.000809 
128, 8192,  7, 259892, 27, 10270, 80.234375, 0.002022, 0.003054 
128, 8192,  8, 293516, 27, 11781, 92.039062, 0.001007, 0.001736 
128, 8192,  9, 332646, 27, 13301, 103.914062, 0.001882, 0.003457 
10, 30,  7, 385, 4, 145, 14.500000, 0.000026, 0.000023 
128, 8192,  10, 359444, 27, 14697, 114.820312, 0.001098, 0.002251 
128, 1024,  1, 1803, 7, 352, 2.750000, 0.000325, 0.000080 
128, 1024,  2, 3855, 6, 690, 5.390625, 0.000285, 0.000121 
128, 1024,  3, 5721, 6, 1035, 8.085938, 0.000164, 0.000090 
128, 1024,  4, 7610, 8, 1418, 11.078125, 0.000109, 0.000081 
128, 1024,  5, 9366, 6, 1758, 13.734375, 0.000174, 0.000153 
128, 1024,  6, 11236, 6, 2098, 16.390625, 0.000110, 0.000113 
128, 1024,  7, 13104, 6, 2445, 19.101562, 0.000176, 0.000210 
128, 1024,  8, 15156, 7, 2830, 22.109375, 0.000110, 0.000154 
128, 1024,  9, 16966, 6, 3170, 24.765625, 0.000110, 0.000172 
10, 30,  8, 414, 5, 162, 16.200000, 0.000024, 0.000021 
128, 1024,  10, 18590, 7, 3510, 27.421875, 0.000175, 0.000300 
128, 128,  1, 189, 3, 172, 1.343750, 0.000095, 0.000039 
128, 128,  2, 372, 3, 342, 2.671875, 0.000063, 0.000041 
128, 128,  3, 557, 3, 514, 4.015625, 0.000104, 0.000103 
128, 128,  4, 753, 3, 689, 5.382812, 0.000069, 0.000127 
128, 128,  5, 936, 3, 862, 6.734375, 0.000037, 0.000047 
128, 128,  6, 1107, 3, 1026, 8.015625, 0.000035, 0.000059 
128, 128,  7, 1299, 3, 1201, 9.382812, 0.000056, 0.000107 
128, 128,  8, 1506, 3, 1392, 10.875000, 0.000036, 0.000076 
128, 128,  9, 1688, 3, 1565, 12.226562, 0.000162, 0.000247 
10, 30,  9, 469, 4, 182, 18.200000, 0.000040, 0.000042 
128, 128,  10, 1854, 3, 1728, 13.500000, 0.000125, 0.000214 
128, 16,  1, 23, 2, 135, 1.054688, 0.000075, 0.000034 
128, 16,  2, 47, 2, 270, 2.109375, 0.000036, 0.000024 
128, 16,  3, 70, 2, 405, 3.164062, 0.000073, 0.000068 
128, 16,  4, 93, 2, 541, 4.226562, 0.000029, 0.000038 
128, 16,  5, 116, 2, 676, 5.281250, 0.000084, 0.000105 
128, 16,  6, 143, 2, 812, 6.343750, 0.000050, 0.000090 
128, 16,  7, 167, 2, 948, 7.406250, 0.000026, 0.000043 
128, 16,  8, 186, 2, 1081, 8.445312, 0.000038, 0.000080 
128, 16,  9, 209, 2, 1216, 9.500000, 0.000023, 0.000056 
1, 0,  4, 0, 1, 4, 4.000000, 0.000019, 0.000005 
10, 30,  10, 532, 4, 203, 20.300000, 0.000051, 0.000046 
128, 16,  10, 238, 2, 1357, 10.601562, 0.000026, 0.000061 
128, 16256,  1, 533581, 128, 8256, 64.500000, 0.003052, 0.005020 
128, 16256,  2, 1097996, 128, 16512, 129.000000, 0.002375, 0.006265 
128, 16256,  3, 1654122, 128, 24768, 193.500000, 0.001837, 0.007218 
128, 16256,  4, 2111102, 128, 33024, 258.000000, 0.001308, 0.004687 
128, 16256,  5, 2654120, 128, 41280, 322.500000, 0.003781, 0.022367 
128, 16256,  6, 3233762, 128, 49536, 387.000000, 0.001651, 0.011995 
128, 16256,  7, 3787449, 128, 57792, 451.500000, 0.005161, 0.029237 
128, 16256,  8, 4253442, 128, 66048, 516.000000, 0.002434, 0.019222 
128, 16256,  9, 4846366, 128, 74304, 580.500000, 0.003933, 0.040209 
1024, 0,  1, 0, 1, 1024, 1.000000, 0.000129, 0.000088 
128, 16256,  10, 5371848, 128, 82560, 645.000000, 0.002993, 0.041814 
16, 0,  1, 0, 1, 16, 1.000000, 0.000017, 0.000007 
16, 0,  2, 0, 1, 32, 2.000000, 0.000014, 0.000009 
16, 0,  3, 0, 1, 48, 3.000000, 0.000022, 0.000011 
16, 0,  4, 0, 1, 64, 4.000000, 0.000016, 0.000008 
16, 0,  5, 0, 1, 80, 5.000000, 0.000013, 0.000023 
16, 0,  6, 0, 1, 96, 6.000000, 0.000013, 0.000011 
16, 0,  7, 0, 1, 112, 7.000000, 0.000013, 0.000012 
16, 0,  8, 0, 1, 128, 8.000000, 0.000015, 0.000012 
16, 0,  9, 0, 1, 144, 9.000000, 0.000025, 0.000028 
1024, 0,  2, 0, 1, 2048, 2.000000, 0.000091, 0.000091 
16, 0,  10, 0, 1, 160, 10.000000, 0.000026, 0.000029 
16, 2,  1, 3, 2, 17, 1.062500, 0.000024, 0.000009 
16, 2,  2, 6, 2, 34, 2.125000, 0.000030, 0.000019 
16, 2,  3, 9, 2, 51, 3.187500, 0.000043, 0.000020 
16, 2,  4, 12, 2, 68, 4.250000, 0.000021, 0.000011 
16, 2,  5, 15, 2, 85, 5.312500, 0.000015, 0.000011 
16, 2,  6, 18, 2, 102, 6.375000, 0.000017, 0.000009 
16, 2,  7, 21, 2, 119, 7.437500, 0.000014, 0.000012 
16, 2,  8, 24, 2, 136, 8.500000, 0.000029, 0.000017 
16, 2,  9, 27, 2, 153, 9.562500, 0.000039, 0.000029 
1024, 0,  3, 0, 1, 3072, 3.000000, 0.000255, 0.000396 
16, 2,  10, 30, 2, 170, 10.625000, 0.000039, 0.000042 
16, 240,  1, 1237, 16, 136, 8.500000, 0.000103, 0.000035 
16, 240,  2, 2525, 16, 272, 17.000000, 0.000057, 0.000034 
16, 240,  3, 3543, 16, 408, 25.500000, 0.000105, 0.000077 
16, 240,  4, 4667, 16, 544, 34.000000, 0.000105, 0.000096 
16, 240,  5, 6218, 16, 680, 42.500000, 0.000036, 0.000040 
16, 240,  6, 7443, 16, 816, 51.000000, 0.000041, 0.000052 
16, 240,  7, 8632, 16, 952, 59.500000, 0.000093, 0.000185 
16, 240,  8, 9863, 16, 1088, 68.000000, 0.000114, 0.000157 
16, 240,  9, 10980, 16, 1224, 76.500000, 0.000037, 0.000062 
1024, 0,  4, 0, 1, 4096, 4.000000, 0.000225, 0.000449 
16, 240,  10, 12290, 16, 1360, 85.000000, 0.000064, 0.000127 
16, 32,  1, 52, 3, 27, 1.687500, 0.000018, 0.000010 
16, 32,  2, 99, 3, 53, 3.312500, 0.000027, 0.000012 
16, 32,  3, 142, 3, 76, 4.750000, 0.000017, 0.000012 
16, 32,  4, 188, 3, 101, 6.312500, 0.000020, 0.000013 
16, 32,  5, 249, 3, 133, 8.312500, 0.000019, 0.000013 
16, 32,  6, 295, 3, 158, 9.875000, 0.000019, 0.000016 
16, 32,  7, 304, 3, 176, 11.000000, 0.000019, 0.000015 
16, 32,  8, 353, 3, 203, 12.687500, 0.000021, 0.000015 
16, 32,  9, 415, 3, 229, 14.312500, 0.000054, 0.000051 
1024, 0,  5, 0, 1, 5120, 5.000000, 0.000264, 0.000609 
16, 32,  10, 458, 3, 253, 15.812500, 0.000029, 0.000034 
16, 4,  1, 6, 2, 18, 1.125000, 0.000017, 0.000008 
16, 4,  2, 12, 2, 36, 2.250000, 0.000015, 0.000009 
16, 4,  3, 18, 2, 54, 3.375000, 0.000017, 0.000008 
16, 4,  4, 24, 2, 72, 4.500000, 0.000018, 0.000008 
16, 4,  5, 30, 2, 90, 5.625000, 0.000015, 0.000012 
16, 4,  6, 36, 2, 108, 6.750000, 0.000025, 0.000016 
16, 4,  7, 42, 2, 126, 7.875000, 0.000015, 0.000013 
16, 4,  8, 48, 2, 144, 9.000000, 0.000017, 0.000014 
16, 4,  9, 54, 2, 162, 10.125000, 0.000017, 0.000014 
1024, 0,  6, 0, 1, 6144, 6.000000, 0.000092, 0.000254 
16, 4,  10, 60, 2, 180, 11.250000, 0.000016, 0.000013 
16, 64,  1, 117, 4, 35, 2.187500, 0.000021, 0.000007 
16, 64,  2, 225, 4, 72, 4.500000, 0.000050, 0.000029 
16, 64,  3, 327, 4, 103, 6.437500, 0.000024, 0.000011 
16, 64,  4, 429, 4, 136, 8.500000, 0.000021, 0.000015 
16, 64,  5, 508, 4, 166, 10.375000, 0.000021, 0.000016 
16, 64,  6, 631, 5, 203, 12.687500, 0.000034, 0.000025 
16, 64,  7, 778, 5, 247, 15.437500, 0.000019, 0.000019 
16, 64,  8, 880, 4, 279, 17.437500, 0.000053, 0.000050 
16, 64,  9, 964, 4, 305, 19.062500, 0.000039, 0.000040 
1024, 0,  7, 0, 1, 7168, 7.000000, 0.000259, 0.000839 
16, 64,  10, 1082, 5, 341, 21.312500, 0.000022, 0.000021 
16, 8,  1, 12, 2, 19, 1.187500, 0.000017, 0.000006 
16, 8,  2, 23, 2, 38, 2.375000, 0.000016, 0.000007 
16, 8,  3, 33, 2, 57, 3.562500, 0.000026, 0.000015 
16, 8,  4, 45, 2, 77, 4.812500, 0.000015, 0.000012 
16, 8,  5, 57, 2, 96, 6.000000, 0.000025, 0.000014 
16, 8,  6, 68, 2, 115, 7.187500, 0.000051, 0.000032 
16, 8,  7, 80, 2, 135, 8.437500, 0.000042, 0.000042 
16, 8,  8, 91, 2, 154, 9.625000, 0.000031, 0.000025 
16, 8,  9, 102, 2, 173, 10.812500, 0.000017, 0.000013 
1024, 0,  8, 0, 1, 8192, 8.000000, 0.000146, 0.000543 
16, 8,  10, 113, 2, 192, 12.000000, 0.000047, 0.000049 
16, 128,  1, 300, 6, 50, 3.125000, 0.000076, 0.000029 
16, 128,  2, 551, 5, 98, 6.125000, 0.000070, 0.000038 
16, 128,  3, 822, 6, 149, 9.312500, 0.000066, 0.000036 
16, 128,  4, 1078, 7, 201, 12.562500, 0.000035, 0.000028 
16, 128,  5, 1362, 6, 252, 15.750000, 0.000025, 0.000021 
16, 128,  6, 1575, 5, 295, 18.437500, 0.000027, 0.000021 
16, 128,  7, 1722, 6, 342, 21.375000, 0.000039, 0.000039 
16, 128,  8, 1964, 6, 389, 24.312500, 0.000076, 0.000076 
16, 128,  9, 2322, 7, 455, 28.437500, 0.000047, 0.000062 
1024, 0,  9, 0, 1, 9216, 9.000000, 0.000232, 0.000943 
16, 128,  10, 2575, 6, 508, 31.750000, 0.000047, 0.000068 
16, 16,  1, 21, 2, 20, 1.250000, 0.000022, 0.000008 
16, 16,  2, 43, 2, 42, 2.625000, 0.000044, 0.000027 
16, 16,  3, 66, 2, 62, 3.875000, 0.000049, 0.000032 
16, 16,  4, 87, 2, 83, 5.187500, 0.000035, 0.000025 
16, 16,  5, 114, 2, 108, 6.750000, 0.000018, 0.000013 
16, 16,  6, 136, 2, 130, 8.125000, 0.000029, 0.000024 
16, 16,  7, 154, 3, 147, 9.187500, 0.000018, 0.000015 
16, 16,  8, 175, 2, 168, 10.500000, 0.000028, 0.000030 
16, 16,  9, 199, 2, 190, 11.875000, 0.000019, 0.000021 
1, 0,  5, 0, 1, 5, 5.000000, 0.000014, 0.000005 
1024, 0,  10, 0, 1, 10240, 10.000000, 0.000261, 0.001180 
16, 16,  10, 223, 3, 212, 13.250000, 0.000044, 0.000047 
2, 0,  1, 0, 1, 2, 1.000000, 0.000037, 0.000015 
2, 0,  2, 0, 1, 4, 2.000000, 0.000037, 0.000014 
2, 0,  3, 0, 1, 6, 3.000000, 0.000032, 0.000021 
2, 0,  4, 0, 1, 8, 4.000000, 0.000014, 0.000008 
2, 0,  5, 0, 1, 10, 5.000000, 0.000013, 0.000008 
2, 0,  6, 0, 1, 12, 6.000000, 0.000039, 0.000015 
2, 0,  7, 0, 1, 14, 7.000000, 0.000036, 0.000016 
2, 0,  8, 0, 1, 16, 8.000000, 0.000024, 0.000010 
2, 0,  9, 0, 1, 18, 9.000000, 0.000025, 0.000015 
1024, 2,  1, 3, 2, 1025, 1.000977, 0.000323, 0.000146 
2, 0,  10, 0, 1, 20, 10.000000, 0.000032, 0.000022 
2, 2,  1, 3, 2, 3, 1.500000, 0.000015, 0.000008 
2, 2,  2, 6, 2, 6, 3.000000, 0.000015, 0.000009 
2, 2,  3, 9, 2, 9, 4.500000, 0.000013, 0.000007 
2, 2,  4, 12, 2, 12, 6.000000, 0.000035, 0.000022 
2, 2,  5, 15, 2, 15, 7.500000, 0.000012, 0.000007 
2, 2,  6, 18, 2, 18, 9.000000, 0.000030, 0.000017 
2, 2,  7, 21, 2, 21, 10.500000, 0.000021, 0.000013 
2, 2,  8, 24, 2, 24, 12.000000, 0.000041, 0.000017 
2, 2,  9, 27, 2, 27, 13.500000, 0.000031, 0.000012 
1024, 2,  2, 6, 2, 2050, 2.001953, 0.000177, 0.000188 
2, 2,  10, 30, 2, 30, 15.000000, 0.000015, 0.000006 
256, 0,  1, 0, 1, 256, 1.000000, 0.000051, 0.000032 
256, 0,  2, 0, 1, 512, 2.000000, 0.000092, 0.000081 
256, 0,  3, 0, 1, 768, 3.000000, 0.000082, 0.000098 
256, 0,  4, 0, 1, 1024, 4.000000, 0.000032, 0.000047 
256, 0,  5, 0, 1, 1280, 5.000000, 0.000031, 0.000058 
256, 0,  6, 0, 1, 1536, 6.000000, 0.000089, 0.000202 
256, 0,  7, 0, 1, 1792, 7.000000, 0.000094, 0.000226 
256, 0,  8, 0, 1, 2048, 8.000000, 0.000092, 0.000257 
256, 0,  9, 0, 1, 2304, 9.000000, 0.000048, 0.000138 
1024, 2,  3, 9, 2, 3075, 3.002930, 0.000260, 0.000399 
256, 0,  10, 0, 1, 2560, 10.000000, 0.000088, 0.000315 
256, 2,  1, 3, 2, 257, 1.003906, 0.000098, 0.000054 
256, 2,  2, 6, 2, 514, 2.007812, 0.000097, 0.000082 
256, 2,  3, 9, 2, 771, 3.011719, 0.000056, 0.000066 
256, 2,  4, 12, 2, 1028, 4.015625, 0.000033, 0.000047 
256, 2,  5, 15, 2, 1285, 5.019531, 0.000032, 0.000058 
256, 2,  6, 18, 2, 1542, 6.023438, 0.000050, 0.000097 
256, 2,  7, 21, 2, 1799, 7.027344, 0.000035, 0.000075 
256, 2,  8, 24, 2, 2056, 8.031250, 0.000040, 0.000110 
256, 2,  9, 27, 2, 2313, 9.035156, 0.000035, 0.000096 
1024, 2,  4, 12, 2, 4100, 4.003906, 0.000178, 0.000336 
256, 2,  10, 30, 2, 2570, 10.039062, 0.000053, 0.000165 
256, 2048,  1, 3683, 6, 679, 2.652344, 0.000211, 0.000046 
256, 2048,  2, 7516, 7, 1381, 5.394531, 0.000265, 0.000101 
256, 2048,  3, 10679, 6, 2034, 7.945312, 0.000210, 0.000113 
256, 2048,  4, 14284, 6, 2712, 10.593750, 0.000331, 0.000221 
256, 2048,  5, 18565, 6, 3441, 13.441406, 0.000210, 0.000185 
256, 2048,  6, 22332, 7, 4134, 16.148438, 0.000385, 0.000412 
256, 2048,  7, 25770, 6, 4806, 18.773438, 0.000265, 0.000309 
256, 2048,  8, 29274, 6, 5462, 21.335938, 0.000558, 0.000909 
256, 2048,  9, 33185, 7, 6167, 24.089844, 0.000626, 0.000972 
1024, 2,  5, 15, 2, 5125, 5.004883, 0.000124, 0.000293 
256, 2048,  10, 36824, 7, 6846, 26.742188, 0.000357, 0.000619 
256, 256,  1, 368, 3, 346, 1.351562, 0.000060, 0.000024 
256, 256,  2, 764, 4, 702, 2.742188, 0.000095, 0.000072 
256, 256,  3, 1155, 3, 1057, 4.128906, 0.000177, 0.000180 
256, 256,  4, 1514, 4, 1397, 5.457031, 0.000142, 0.000200 
256, 256,  5, 1892, 3, 1746, 6.820312, 0.000177, 0.000282 
256, 256,  6, 2250, 3, 2093, 8.175781, 0.000060, 0.000110 
256, 256,  7, 2616, 4, 2438, 9.523438, 0.000062, 0.000124 
256, 256,  8, 3011, 4, 2781, 10.863281, 0.000158, 0.000379 
256, 256,  9, 3384, 3, 3128, 12.218750, 0.000121, 0.000314 
1024, 2,  6, 18, 2, 6150, 6.005859, 0.000089, 0.000244 
256, 256,  10, 3784, 3, 3493, 13.644531, 0.000061, 0.000173 
256, 32,  1, 47, 2, 271, 1.058594, 0.000037, 0.000020 
256, 32,  2, 94, 2, 542, 2.117188, 0.000036, 0.000033 
256, 32,  3, 142, 2, 813, 3.175781, 0.000078, 0.000087 
256, 32,  4, 189, 2, 1084, 4.234375, 0.000089, 0.000140 
256, 32,  5, 236, 2, 1355, 5.292969, 0.000079, 0.000133 
256, 32,  6, 284, 2, 1627, 6.355469, 0.000039, 0.000074 
256, 32,  7, 332, 2, 1899, 7.417969, 0.000036, 0.000087 
256, 32,  8, 380, 2, 2171, 8.480469, 0.000035, 0.000096 
256, 32,  9, 427, 2, 2442, 9.539062, 0.000035, 0.000105 
1024, 2,  7, 21, 2, 7175, 7.006836, 0.000261, 0.000856 
256, 32,  10, 478, 2, 2716, 10.609375, 0.000092, 0.000307 
256, 32768,  1, 198907, 43, 4795, 18.730469, 0.008076, 0.002063 
256, 32768,  2, 430277, 43, 9883, 38.605469, 0.008053, 0.003880 
256, 32768,  3, 627516, 42, 14619, 57.105469, 0.004031, 0.003172 
256, 32768,  4, 824364, 43, 19508, 76.203125, 0.005029, 0.004178 
256, 32768,  5, 1034229, 42, 24294, 94.898438, 0.002192, 0.002505 
256, 32768,  6, 1244789, 44, 29269, 114.332031, 0.004035, 0.006692 
256, 32768,  7, 1458017, 43, 34184, 133.531250, 0.003632, 0.006922 
256, 32768,  8, 1661015, 44, 39198, 153.117188, 0.006751, 0.010849 
256, 32768,  9, 1865601, 43, 44069, 172.144531, 0.002613, 0.006058 
1024, 2,  8, 24, 2, 8200, 8.007812, 0.000260, 0.000949 
256, 32768,  10, 2057500, 45, 48861, 190.863281, 0.002295, 0.004924 
256, 4,  1, 6, 2, 258, 1.007812, 0.000057, 0.000033 
256, 4,  2, 12, 2, 516, 2.015625, 0.000083, 0.000080 
256, 4,  3, 18, 2, 774, 3.023438, 0.000068, 0.000086 
256, 4,  4, 24, 2, 1032, 4.031250, 0.000092, 0.000148 
256, 4,  5, 30, 2, 1290, 5.039062, 0.000087, 0.000151 
256, 4,  6, 36, 2, 1548, 6.046875, 0.000037, 0.000075 
256, 4,  7, 42, 2, 1806, 7.054688, 0.000032, 0.000078 
256, 4,  8, 48, 2, 2064, 8.062500, 0.000036, 0.000085 
256, 4,  9, 54, 2, 2322, 9.070312, 0.000049, 0.000155 
1024, 2,  9, 27, 2, 9225, 9.008789, 0.000229, 0.000947 
256, 4,  10, 60, 2, 2580, 10.078125, 0.000034, 0.000104 
256, 4096,  1, 8975, 10, 994, 3.882812, 0.000374, 0.000068 
256, 4096,  2, 17690, 9, 1997, 7.800781, 0.000371, 0.000129 
256, 4096,  3, 26310, 10, 2987, 11.667969, 0.000431, 0.000292 
256, 4096,  4, 35285, 10, 4032, 15.750000, 0.000372, 0.000246 
256, 4096,  5, 43679, 9, 5003, 19.542969, 0.000374, 0.000303 
256, 4096,  6, 52202, 9, 5936, 23.187500, 0.000372, 0.000351 
256, 4096,  7, 61111, 10, 6953, 27.160156, 0.000372, 0.000414 
256, 4096,  8, 70381, 10, 7971, 31.136719, 0.000395, 0.000471 
256, 4096,  9, 79370, 10, 8998, 35.148438, 0.000387, 0.000538 
1, 0,  6, 0, 1, 6, 6.000000, 0.000012, 0.000005 
1024, 2,  10, 30, 2, 10250, 10.009766, 0.000190, 0.000849 
256, 4096,  10, 86967, 10, 9923, 38.761719, 0.000376, 0.000582 
256, 512,  1, 758, 4, 404, 1.578125, 0.000160, 0.000045 
256, 512,  2, 1516, 4, 824, 3.218750, 0.000080, 0.000051 
256, 512,  3, 2285, 4, 1232, 4.812500, 0.000082, 0.000068 
256, 512,  4, 3071, 4, 1650, 6.445312, 0.000082, 0.000090 
256, 512,  5, 3822, 4, 2052, 8.015625, 0.000081, 0.000125 
256, 512,  6, 4622, 4, 2467, 9.636719, 0.000082, 0.000130 
256, 512,  7, 5420, 5, 2888, 11.281250, 0.000125, 0.000223 
256, 512,  8, 6225, 4, 3300, 12.890625, 0.000081, 0.000168 
256, 512,  9, 6983, 3, 3708, 14.484375, 0.000120, 0.000285 
1024, 2048,  1, 3069, 4, 1654, 1.615234, 0.000852, 0.000351 
256, 512,  10, 7563, 4, 4065, 15.878906, 0.000245, 0.000616 
256, 64,  1, 93, 2, 285, 1.113281, 0.000068, 0.000034 
256, 64,  2, 191, 2, 572, 2.234375, 0.000042, 0.000034 
256, 64,  3, 284, 2, 857, 3.347656, 0.000062, 0.000076 
256, 64,  4, 383, 3, 1146, 4.476562, 0.000040, 0.000061 
256, 64,  5, 479, 3, 1433, 5.597656, 0.000038, 0.000071 
256, 64,  6, 570, 2, 1718, 6.710938, 0.000028, 0.000058 
256, 64,  7, 664, 2, 2003, 7.824219, 0.000039, 0.000092 
256, 64,  8, 761, 3, 2289, 8.941406, 0.000063, 0.000162 
256, 64,  9, 854, 2, 2574, 10.054688, 0.000038, 0.000115 
1024, 2048,  2, 6225, 4, 3268, 3.191406, 0.000650, 0.000401 
256, 64,  10, 943, 2, 2857, 11.160156, 0.000059, 0.000185 
256, 65280,  1, 4287178, 256, 32896, 128.500000, 0.015262, 0.026973 
256, 65280,  2, 8513875, 256, 65792, 257.000000, 0.015215, 0.048234 
256, 65280,  3, 12738053, 256, 98688, 385.500000, 0.014283, 0.048353 
256, 65280,  4, 16869029, 256, 131584, 514.000000, 0.004363, 0.037364 
256, 65280,  5, 21092707, 256, 164480, 642.500000, 0.013408, 0.062807 
256, 65280,  6, 25453669, 256, 197376, 771.000000, 0.008386, 0.057929 
256, 65280,  7, 30070846, 256, 230272, 899.500000, 0.016496, 0.126805 
256, 65280,  8, 34459653, 256, 263168, 1028.000000, 0.017422, 0.129967 
256, 65280,  9, 37950542, 256, 296064, 1156.500000, 0.008201, 0.085160 
1024, 2048,  3, 9244, 4, 4872, 4.757812, 0.000848, 0.000785 
256, 65280,  10, 42655776, 256, 328960, 1285.000000, 0.017500, 0.168659 
256, 8,  1, 12, 2, 260, 1.015625, 0.000033, 0.000020 
256, 8,  2, 24, 2, 520, 2.031250, 0.000032, 0.000030 
256, 8,  3, 36, 2, 780, 3.046875, 0.000035, 0.000040 
256, 8,  4, 48, 2, 1040, 4.062500, 0.000034, 0.000047 
256, 8,  5, 60, 2, 1300, 5.078125, 0.000050, 0.000095 
256, 8,  6, 72, 2, 1560, 6.093750, 0.000037, 0.000073 
256, 8,  7, 84, 2, 1820, 7.109375, 0.000037, 0.000083 
256, 8,  8, 96, 2, 2080, 8.125000, 0.000035, 0.000086 
256, 8,  9, 108, 2, 2340, 9.140625, 0.000032, 0.000098 
1024, 2048,  4, 12365, 4, 6560, 6.406250, 0.000625, 0.000743 
256, 8,  10, 120, 2, 2600, 10.156250, 0.000033, 0.000108 
256, 8192,  1, 20417, 14, 1510, 5.898438, 0.000706, 0.000104 
256, 8192,  2, 45492, 14, 3170, 12.382812, 0.000706, 0.000308 
256, 8192,  3, 67194, 14, 4724, 18.453125, 0.001959, 0.000913 
256, 8192,  4, 90931, 14, 6209, 24.253906, 0.001404, 0.000936 
256, 8192,  5, 114371, 15, 7794, 30.445312, 0.000707, 0.000524 
256, 8192,  6, 134517, 15, 9186, 35.882812, 0.000708, 0.000548 
256, 8192,  7, 157088, 15, 10734, 41.929688, 0.000726, 0.000665 
256, 8192,  8, 178266, 15, 12286, 47.992188, 0.000701, 0.000752 
256, 8192,  9, 200186, 15, 13820, 53.984375, 0.001053, 0.001403 
1024, 2048,  5, 15375, 4, 8180, 7.988281, 0.000861, 0.001310 
256, 8192,  10, 224831, 14, 15365, 60.019531, 0.000705, 0.000925 
256, 1024,  1, 1580, 5, 492, 1.921875, 0.000126, 0.000033 
256, 1024,  2, 3303, 5, 1025, 4.003906, 0.000126, 0.000061 
256, 1024,  3, 4999, 5, 1537, 6.003906, 0.000345, 0.000221 
256, 1024,  4, 6586, 5, 2049, 8.003906, 0.000277, 0.000241 
256, 1024,  5, 8185, 5, 2547, 9.949219, 0.000340, 0.000351 
256, 1024,  6, 9814, 5, 3043, 11.886719, 0.000331, 0.000423 
256, 1024,  7, 11373, 5, 3544, 13.843750, 0.000372, 0.000548 
256, 1024,  8, 13179, 5, 4093, 15.988281, 0.000251, 0.000416 
256, 1024,  9, 14855, 5, 4611, 18.011719, 0.000160, 0.000295 
1024, 2048,  6, 18417, 4, 9743, 9.514648, 0.000286, 0.000543 
256, 1024,  10, 16415, 5, 5097, 19.910156, 0.000128, 0.000257 
256, 128,  1, 191, 3, 311, 1.214844, 0.000048, 0.000023 
256, 128,  2, 374, 3, 619, 2.417969, 0.000047, 0.000037 
256, 128,  3, 558, 3, 927, 3.621094, 0.000075, 0.000080 
256, 128,  4, 751, 3, 1243, 4.855469, 0.000126, 0.000175 
256, 128,  5, 936, 2, 1552, 6.062500, 0.000119, 0.000215 
256, 128,  6, 1136, 3, 1869, 7.300781, 0.000047, 0.000092 
256, 128,  7, 1319, 3, 2179, 8.511719, 0.000081, 0.000180 
256, 128,  8, 1514, 3, 2494, 9.742188, 0.000045, 0.000133 
256, 128,  9, 1704, 3, 2806, 10.960938, 0.000048, 0.000132 
1024, 2048,  7, 21473, 4, 11368, 11.101562, 0.000759, 0.001771 
256, 128,  10, 1892, 3, 3123, 12.199219, 0.000047, 0.000146 
256, 16,  1, 24, 2, 264, 1.031250, 0.000086, 0.000054 
256, 16,  2, 48, 2, 528, 2.062500, 0.000034, 0.000031 
256, 16,  3, 72, 2, 792, 3.093750, 0.000056, 0.000065 
256, 16,  4, 96, 2, 1056, 4.125000, 0.000034, 0.000050 
256, 16,  5, 120, 2, 1320, 5.156250, 0.000036, 0.000061 
256, 16,  6, 144, 2, 1584, 6.187500, 0.000109, 0.000205 
256, 16,  7, 168, 2, 1848, 7.218750, 0.000096, 0.000241 
256, 16,  8, 192, 2, 2112, 8.250000, 0.000074, 0.000202 
256, 16,  9, 216, 2, 2376, 9.281250, 0.000035, 0.000099 
1024, 2048,  8, 24515, 4, 12993, 12.688477, 0.000760, 0.001717 
256, 16,  10, 240, 2, 2640, 10.312500, 0.000035, 0.000108 
256, 16384,  1, 67562, 25, 2703, 10.558594, 0.002741, 0.000547 
256, 16384,  2, 122422, 23, 5115, 19.980469, 0.001211, 0.000368 
256, 16384,  3, 188685, 24, 7769, 30.347656, 0.004113, 0.002067 
256, 16384,  4, 244165, 23, 10143, 39.621094, 0.004101, 0.002925 
256, 16384,  5, 304846, 23, 12652, 49.421875, 0.001317, 0.000911 
256, 16384,  6, 366154, 24, 15359, 59.996094, 0.002066, 0.002177 
256, 16384,  7, 428725, 22, 17875, 69.824219, 0.002064, 0.002541 
256, 16384,  8, 499968, 23, 20594, 80.445312, 0.003012, 0.004313 
256, 16384,  9, 561026, 24, 23133, 90.363281, 0.002186, 0.003539 
1024, 2048,  9, 27592, 4, 14610, 14.267578, 0.000327, 0.000827 
256, 16384,  10, 620543, 24, 25772, 100.671875, 0.002200, 0.003910 
32, 0,  1, 0, 1, 32, 1.000000, 0.000038, 0.000025 
32, 0,  2, 0, 1, 64, 2.000000, 0.000047, 0.000023 
32, 0,  3, 0, 1, 96, 3.000000, 0.000045, 0.000027 
32, 0,  4, 0, 1, 128, 4.000000, 0.000027, 0.000021 
32, 0,  5, 0, 1, 160, 5.000000, 0.000016, 0.000016 
32, 0,  6, 0, 1, 192, 6.000000, 0.000014, 0.000015 
32, 0,  7, 0, 1, 224, 7.000000, 0.000047, 0.000047 
32, 0,  8, 0, 1, 256, 8.000000, 0.000070, 0.000046 
32, 0,  9, 0, 1, 288, 9.000000, 0.000093, 0.000057 
1, 0,  7, 0, 1, 7, 7.000000, 0.000028, 0.000011 
1024, 2048,  10, 30635, 4, 16261, 15.879883, 0.000285, 0.000792 
32, 0,  10, 0, 1, 320, 10.000000, 0.000033, 0.000042 
32, 2,  1, 3, 2, 33, 1.031250, 0.000017, 0.000007 
32, 2,  2, 6, 2, 66, 2.062500, 0.000017, 0.000011 
32, 2,  3, 9, 2, 99, 3.093750, 0.000039, 0.000030 
32, 2,  4, 12, 2, 132, 4.125000, 0.000017, 0.000013 
32, 2,  5, 15, 2, 165, 5.156250, 0.000023, 0.000016 
32, 2,  6, 18, 2, 198, 6.187500, 0.000022, 0.000019 
32, 2,  7, 21, 2, 231, 7.218750, 0.000024, 0.000026 
32, 2,  8, 24, 2, 264, 8.250000, 0.000016, 0.000018 
32, 2,  9, 27, 2, 297, 9.281250, 0.000037, 0.000041 
1024, 256,  1, 377, 3, 1135, 1.108398, 0.000351, 0.000192 
32, 2,  10, 30, 2, 330, 10.312500, 0.000046, 0.000047 
32, 256,  1, 520, 7, 92, 2.875000, 0.000114, 0.000037 
32, 256,  2, 1001, 7, 183, 5.718750, 0.000102, 0.000045 
32, 256,  3, 1475, 6, 278, 8.687500, 0.000037, 0.000024 
32, 256,  4, 1917, 7, 366, 11.437500, 0.000088, 0.000064 
32, 256,  5, 2382, 6, 461, 14.406250, 0.000096, 0.000084 
32, 256,  6, 2890, 6, 554, 17.312500, 0.000038, 0.000034 
32, 256,  7, 3417, 6, 644, 20.125000, 0.000040, 0.000039 
32, 256,  8, 3872, 6, 731, 22.843750, 0.000042, 0.000044 
32, 256,  9, 4389, 6, 829, 25.906250, 0.000087, 0.000120 
1024, 256,  2, 741, 3, 2268, 2.214844, 0.000307, 0.000290 
32, 256,  10, 4910, 6, 919, 28.718750, 0.000079, 0.000121 
32, 32,  1, 49, 3, 44, 1.375000, 0.000019, 0.000010 
32, 32,  2, 97, 3, 88, 2.750000, 0.000021, 0.000010 
32, 32,  3, 143, 3, 132, 4.125000, 0.000032, 0.000019 
32, 32,  4, 196, 3, 178, 5.562500, 0.000021, 0.000015 
32, 32,  5, 236, 3, 220, 6.875000, 0.000031, 0.000024 
32, 32,  6, 287, 3, 265, 8.281250, 0.000019, 0.000022 
32, 32,  7, 343, 3, 313, 9.781250, 0.000059, 0.000060 
32, 32,  8, 392, 3, 358, 11.187500, 0.000034, 0.000039 
32, 32,  9, 430, 3, 399, 12.468750, 0.000030, 0.000038 
1024, 256,  3, 1108, 3, 3401, 3.321289, 0.000250, 0.000341 
32, 32,  10, 481, 3, 446, 13.937500, 0.000020, 0.000028 
32, 4,  1, 6, 2, 34, 1.062500, 0.000034, 0.000021 
32, 4,  2, 12, 2, 68, 2.125000, 0.000040, 0.000019 
32, 4,  3, 18, 2, 102, 3.187500, 0.000026, 0.000015 
32, 4,  4, 24, 2, 136, 4.250000, 0.000018, 0.000011 
32, 4,  5, 30, 2, 170, 5.312500, 0.000050, 0.000036 
32, 4,  6, 36, 2, 204, 6.375000, 0.000016, 0.000016 
32, 4,  7, 42, 2, 238, 7.437500, 0.000040, 0.000046 
32, 4,  8, 48, 2, 272, 8.500000, 0.000018, 0.000022 
32, 4,  9, 54, 2, 306, 9.562500, 0.000024, 0.000033 
1024, 256,  4, 1475, 3, 4530, 4.423828, 0.000115, 0.000206 
32, 4,  10, 60, 2, 340, 10.625000, 0.000039, 0.000057 
32, 512,  1, 1362, 11, 152, 4.750000, 0.000172, 0.000049 
32, 512,  2, 2697, 10, 299, 9.343750, 0.000107, 0.000042 
32, 512,  3, 3806, 9, 450, 14.062500, 0.000170, 0.000094 
32, 512,  4, 5103, 11, 614, 19.187500, 0.000087, 0.000064 
32, 512,  5, 6489, 11, 747, 23.343750, 0.000171, 0.000145 
32, 512,  6, 7888, 9, 892, 27.875000, 0.000096, 0.000102 
32, 512,  7, 8829, 9, 1005, 31.406250, 0.000098, 0.000114 
32, 512,  8, 10111, 10, 1150, 35.937500, 0.000061, 0.000081 
32, 512,  9, 11524, 11, 1363, 42.593750, 0.000061, 0.000093 
1024, 256,  5, 1841, 2, 5659, 5.526367, 0.000185, 0.000403 
32, 512,  10, 12668, 10, 1504, 47.000000, 0.000059, 0.000094 
32, 64,  1, 88, 3, 51, 1.593750, 0.000059, 0.000021 
32, 64,  2, 180, 3, 103, 3.218750, 0.000047, 0.000022 
32, 64,  3, 296, 4, 161, 5.031250, 0.000052, 0.000040 
32, 64,  4, 396, 4, 214, 6.687500, 0.000032, 0.000027 
32, 64,  5, 460, 3, 248, 7.750000, 0.000044, 0.000044 
32, 64,  6, 549, 3, 297, 9.281250, 0.000023, 0.000024 
32, 64,  7, 662, 4, 361, 11.281250, 0.000034, 0.000035 
32, 64,  8, 754, 3, 410, 12.812500, 0.000054, 0.000067 
32, 64,  9, 876, 3, 472, 14.750000, 0.000060, 0.000089 
1024, 256,  6, 2227, 3, 6796, 6.636719, 0.000115, 0.000293 
32, 64,  10, 964, 3, 522, 16.312500, 0.000057, 0.000082 
32, 8,  1, 11, 2, 35, 1.093750, 0.000051, 0.000020 
32, 8,  2, 22, 2, 69, 2.156250, 0.000034, 0.000021 
32, 8,  3, 34, 2, 104, 3.250000, 0.000044, 0.000036 
32, 8,  4, 45, 2, 139, 4.343750, 0.000030, 0.000021 
32, 8,  5, 58, 2, 176, 5.500000, 0.000050, 0.000044 
32, 8,  6, 68, 2, 210, 6.562500, 0.000018, 0.000015 
32, 8,  7, 74, 2, 240, 7.500000, 0.000044, 0.000054 
32, 8,  8, 86, 2, 275, 8.593750, 0.000026, 0.000026 
32, 8,  9, 98, 2, 312, 9.750000, 0.000025, 0.000027 
1024, 256,  7, 2598, 3, 7931, 7.745117, 0.000363, 0.000942 
32, 8,  10, 109, 2, 346, 10.812500, 0.000032, 0.000040 
32, 992,  1, 8791, 32, 528, 16.500000, 0.000134, 0.000064 
32, 992,  2, 17308, 32, 1056, 33.000000, 0.000308, 0.000240 
32, 992,  3, 27614, 32, 1584, 49.500000, 0.000160, 0.000207 
32, 992,  4, 37595, 32, 2112, 66.000000, 0.000191, 0.000324 
32, 992,  5, 43889, 32, 2640, 82.500000, 0.000279, 0.000568 
32, 992,  6, 52905, 32, 3168, 99.000000, 0.000116, 0.000299 
32, 992,  7, 61287, 32, 3696, 115.500000, 0.000279, 0.000789 
32, 992,  8, 70396, 32, 4224, 132.000000, 0.000199, 0.000656 
32, 992,  9, 77398, 32, 4752, 148.500000, 0.000278, 0.001023 
1024, 256,  8, 2983, 3, 9063, 8.850586, 0.000345, 0.001157 
32, 992,  10, 87296, 32, 5280, 165.000000, 0.000137, 0.000579 
32, 128,  1, 215, 5, 70, 2.187500, 0.000025, 0.000013 
32, 128,  2, 416, 4, 136, 4.250000, 0.000041, 0.000023 
32, 128,  3, 578, 4, 186, 5.812500, 0.000029, 0.000017 
32, 128,  4, 778, 4, 252, 7.875000, 0.000070, 0.000054 
32, 128,  5, 1024, 4, 329, 10.281250, 0.000074, 0.000072 
32, 128,  6, 1234, 5, 400, 12.500000, 0.000027, 0.000023 
32, 128,  7, 1417, 5, 459, 14.343750, 0.000038, 0.000042 
32, 128,  8, 1636, 4, 529, 16.531250, 0.000026, 0.000034 
32, 128,  9, 1791, 4, 574, 17.937500, 0.000031, 0.000034 
1024, 256,  9, 3357, 3, 10194, 9.955078, 0.000374, 0.001162 
32, 128,  10, 2006, 5, 643, 20.093750, 0.000028, 0.000038 
32, 16,  1, 22, 2, 37, 1.156250, 0.000017, 0.000010 
32, 16,  2, 47, 3, 77, 2.406250, 0.000017, 0.000011 
32, 16,  3, 67, 2, 113, 3.531250, 0.000048, 0.000038 
32, 16,  4, 89, 2, 151, 4.718750, 0.000024, 0.000032 
32, 16,  5, 116, 2, 193, 6.031250, 0.000038, 0.000040 
32, 16,  6, 138, 2, 231, 7.218750, 0.000014, 0.000014 
32, 16,  7, 160, 2, 266, 8.312500, 0.000018, 0.000021 
32, 16,  8, 183, 2, 304, 9.500000, 0.000020, 0.000021 
32, 16,  9, 204, 2, 343, 10.718750, 0.000017, 0.000023 
1, 0,  8, 0, 1, 8, 8.000000, 0.000031, 0.000013 
1024, 256,  10, 3724, 2, 11333, 11.067383, 0.000214, 0.000826 
32, 16,  10, 229, 3, 382, 11.937500, 0.000030, 0.000035 
4, 0,  1, 0, 1, 4, 1.000000, 0.000013, 0.000007 
4, 0,  2, 0, 1, 8, 2.000000, 0.000011, 0.000008 
4, 0,  3, 0, 1, 12, 3.000000, 0.000016, 0.000006 
4, 0,  4, 0, 1, 16, 4.000000, 0.000021, 0.000008 
4, 0,  5, 0, 1, 20, 5.000000, 0.000015, 0.000006 
4, 0,  6, 0, 1, 24, 6.000000, 0.000012, 0.000009 
4, 0,  7, 0, 1, 28, 7.000000, 0.000014, 0.000006 
4, 0,  8, 0, 1, 32, 8.000000, 0.000033, 0.000016 
4, 0,  9, 0, 1, 36, 9.000000, 0.000013, 0.000009 
1024, 262144,  1, 2106396, 68, 29658, 28.962891, 0.017145, 0.004698 
4, 0,  10, 0, 1, 40, 10.000000, 0.000020, 0.000009 
4, 2,  1, 3, 2, 5, 1.250000, 0.000013, 0.000008 
4, 2,  2, 6, 2, 10, 2.500000, 0.000013, 0.000009 
4, 2,  3, 9, 2, 15, 3.750000, 0.000015, 0.000006 
4, 2,  4, 12, 2, 20, 5.000000, 0.000032, 0.000022 
4, 2,  5, 15, 2, 25, 6.250000, 0.000013, 0.000008 
4, 2,  6, 18, 2, 30, 7.500000, 0.000042, 0.000018 
4, 2,  7, 21, 2, 35, 8.750000, 0.000016, 0.000006 
4, 2,  8, 24, 2, 40, 10.000000, 0.000015, 0.000007 
4, 2,  9, 27, 2, 45, 11.250000, 0.000018, 0.000006 
1024, 262144,  2, 4040094, 67, 58810, 57.431641, 0.052936, 0.019415 
4, 2,  10, 30, 2, 50, 12.500000, 0.000017, 0.000007 
4, 4,  1, 6, 2, 6, 1.500000, 0.000015, 0.000009 
4, 4,  2, 12, 2, 12, 3.000000, 0.000023, 0.000012 
4, 4,  3, 18, 2, 18, 4.500000, 0.000014, 0.000006 
4, 4,  4, 24, 2, 24, 6.000000, 0.000013, 0.000008 
4, 4,  5, 30, 2, 30, 7.500000, 0.000015, 0.000007 
4, 4,  6, 36, 2, 36, 9.000000, 0.000043, 0.000025 
4, 4,  7, 42, 2, 42, 10.500000, 0.000045, 0.000016 
4, 4,  8, 48, 2, 48, 12.000000, 0.000036, 0.000027 
4, 4,  9, 54, 2, 54, 13.500000, 0.000022, 0.000015 
1024, 262144,  3, 6105739, 65, 88113, 86.047852, 0.044248, 0.022771 
4, 4,  10, 60, 2, 60, 15.000000, 0.000036, 0.000027 
4, 8,  1, 13, 3, 7, 1.750000, 0.000046, 0.000015 
4, 8,  2, 26, 3, 14, 3.500000, 0.000044, 0.000023 
4, 8,  3, 40, 3, 23, 5.750000, 0.000027, 0.000011 
4, 8,  4, 53, 3, 30, 7.500000, 0.000021, 0.000014 
4, 8,  5, 67, 3, 35, 8.750000, 0.000015, 0.000007 
4, 8,  6, 80, 3, 42, 10.500000, 0.000015, 0.000009 
4, 8,  7, 89, 3, 52, 13.000000, 0.000016, 0.000008 
4, 8,  8, 102, 3, 59, 14.750000, 0.000016, 0.000009 
4, 8,  9, 121, 3, 65, 16.250000, 0.000043, 0.000029 
1024, 262144,  4, 8089989, 65, 116929, 114.188477, 0.021164, 0.018308 
4, 8,  10, 134, 3, 72, 18.000000, 0.000043, 0.000025 
4, 12,  1, 23, 4, 10, 2.500000, 0.000041, 0.000014 
4, 12,  2, 49, 4, 20, 5.000000, 0.000046, 0.000016 
4, 12,  3, 70, 4, 30, 7.500000, 0.000041, 0.000021 
4, 12,  4, 96, 4, 40, 10.000000, 0.000045, 0.000026 
4, 12,  5, 120, 4, 50, 12.500000, 0.000024, 0.000014 
4, 12,  6, 145, 4, 60, 15.000000, 0.000052, 0.000021 
4, 12,  7, 169, 4, 70, 17.500000, 0.000015, 0.000011 
4, 12,  8, 194, 4, 80, 20.000000, 0.000024, 0.000012 
4, 12,  9, 213, 4, 90, 22.500000, 0.000016, 0.000009 
1024, 262144,  5, 10172977, 67, 146976, 143.531250, 0.021383, 0.023016 
4, 12,  10, 239, 4, 100, 25.000000, 0.000024, 0.000014 
512, 0,  1, 0, 1, 512, 1.000000, 0.000051, 0.000030 
512, 0,  2, 0, 1, 1024, 2.000000, 0.000142, 0.000116 
512, 0,  3, 0, 1, 1536, 3.000000, 0.000150, 0.000200 
512, 0,  4, 0, 1, 2048, 4.000000, 0.000146, 0.000266 
512, 0,  5, 0, 1, 2560, 5.000000, 0.000131, 0.000287 
512, 0,  6, 0, 1, 3072, 6.000000, 0.000050, 0.000126 
512, 0,  7, 0, 1, 3584, 7.000000, 0.000088, 0.000231 
512, 0,  8, 0, 1, 4096, 8.000000, 0.000081, 0.000257 
512, 0,  9, 0, 1, 4608, 9.000000, 0.000122, 0.000427 
1024, 262144,  6, 12206835, 68, 176266, 172.134766, 0.020755, 0.027486 
512, 0,  10, 0, 1, 5120, 10.000000, 0.000053, 0.000197 
512, 2,  1, 3, 2, 513, 1.001953, 0.000052, 0.000030 
512, 2,  2, 6, 2, 1026, 2.003906, 0.000135, 0.000130 
512, 2,  3, 9, 2, 1539, 3.005859, 0.000135, 0.000184 
512, 2,  4, 12, 2, 2052, 4.007812, 0.000148, 0.000264 
512, 2,  5, 15, 2, 2565, 5.009766, 0.000135, 0.000295 
512, 2,  6, 18, 2, 3078, 6.011719, 0.000111, 0.000268 
512, 2,  7, 21, 2, 3591, 7.013672, 0.000066, 0.000193 
512, 2,  8, 24, 2, 4104, 8.015625, 0.000151, 0.000482 
512, 2,  9, 27, 2, 4617, 9.017578, 0.000117, 0.000436 
1024, 262144,  7, 14172727, 66, 205398, 200.583984, 0.023608, 0.034799 
512, 2,  10, 30, 2, 5130, 10.019531, 0.000154, 0.000595 
512, 2048,  1, 3315, 5, 1032, 2.015625, 0.000408, 0.000104 
512, 2048,  2, 6657, 5, 2082, 4.066406, 0.000707, 0.000340 
512, 2048,  3, 10013, 5, 3126, 6.105469, 0.000405, 0.000278 
512, 2048,  4, 13242, 5, 4158, 8.121094, 0.000707, 0.000633 
512, 2048,  5, 16634, 5, 5244, 10.242188, 0.000627, 0.000748 
512, 2048,  6, 19921, 5, 6268, 12.242188, 0.000661, 0.000848 
512, 2048,  7, 22895, 5, 7192, 14.046875, 0.000239, 0.000357 
512, 2048,  8, 26259, 5, 8229, 16.072266, 0.000651, 0.001243 
512, 2048,  9, 29751, 5, 9339, 18.240234, 0.000722, 0.001365 
1024, 262144,  8, 16233125, 67, 234771, 229.268555, 0.025271, 0.036637 
512, 2048,  10, 33068, 6, 10382, 20.277344, 0.000720, 0.001545 
512, 256,  1, 368, 3, 612, 1.195312, 0.000209, 0.000101 
512, 256,  2, 734, 3, 1227, 2.396484, 0.000078, 0.000065 
512, 256,  3, 1121, 3, 1848, 3.609375, 0.000082, 0.000095 
512, 256,  4, 1499, 3, 2464, 4.812500, 0.000115, 0.000182 
512, 256,  5, 1879, 3, 3077, 6.009766, 0.000114, 0.000223 
512, 256,  6, 2217, 3, 3696, 7.218750, 0.000079, 0.000173 
512, 256,  7, 2586, 3, 4313, 8.423828, 0.000062, 0.000148 
512, 256,  8, 2957, 3, 4913, 9.595703, 0.000118, 0.000341 
512, 256,  9, 3331, 3, 5529, 10.798828, 0.000082, 0.000261 
1024, 262144,  9, 18445635, 66, 264162, 257.970703, 0.016834, 0.041242 
512, 256,  10, 3712, 4, 6157, 12.025391, 0.000123, 0.000448 
512, 261632,  1, 34408832, 512, 131328, 256.500000, 0.022453, 0.073915 
512, 261632,  2, 67335166, 512, 262656, 513.000000, 0.054724, 0.178883 
512, 261632,  3, 102059452, 512, 393984, 769.500000, 0.023384, 0.205167 
512, 261632,  4, 136947382, 512, 525312, 1026.000000, 0.025996, 0.279729 
512, 261632,  5, 167464367, 512, 656640, 1282.500000, 0.030190, 0.340286 
512, 261632,  6, 203219418, 512, 787968, 1539.000000, 0.018087, 0.409958 
512, 261632,  7, 234721905, 512, 919296, 1795.500000, 0.051643, 0.543830 
512, 261632,  8, 269169117, 512, 1050624, 2052.000000, 0.016783, 0.540465 
512, 261632,  9, 303084647, 512, 1181952, 2308.500000, 0.030203, 0.610821 
1, 0,  9, 0, 1, 9, 9.000000, 0.000028, 0.000010 
1024, 262144,  10, 20462513, 66, 293662, 286.779297, 0.019126, 0.045760 
512, 261632,  10, 334709194, 512, 1313280, 2565.000000, 0.016482, 0.673008 
512, 32,  1, 48, 2, 528, 1.031250, 0.000055, 0.000031 
512, 32,  2, 96, 2, 1056, 2.062500, 0.000085, 0.000086 
512, 32,  3, 144, 2, 1584, 3.093750, 0.000055, 0.000070 
512, 32,  4, 192, 2, 2112, 4.125000, 0.000073, 0.000124 
512, 32,  5, 240, 2, 2640, 5.156250, 0.000166, 0.000240 
512, 32,  6, 288, 2, 3168, 6.187500, 0.000055, 0.000129 
512, 32,  7, 336, 2, 3696, 7.218750, 0.000082, 0.000224 
512, 32,  8, 384, 2, 4224, 8.250000, 0.000156, 0.000513 
512, 32,  9, 432, 2, 4752, 9.281250, 0.000087, 0.000300 
1024, 32,  1, 48, 2, 1040, 1.015625, 0.000091, 0.000057 
512, 32,  10, 480, 2, 5280, 10.312500, 0.000053, 0.000212 
512, 32768,  1, 114453, 22, 4920, 9.609375, 0.002437, 0.000342 
512, 32768,  2, 239525, 22, 9833, 19.205078, 0.002518, 0.001053 
512, 32768,  3, 354475, 23, 14791, 28.888672, 0.003337, 0.002268 
512, 32768,  4, 489558, 23, 19750, 38.574219, 0.002397, 0.001358 
512, 32768,  5, 606591, 23, 24624, 48.093750, 0.002239, 0.001700 
512, 32768,  6, 702971, 23, 29525, 57.666016, 0.002389, 0.002562 
512, 32768,  7, 818555, 22, 34349, 67.087891, 0.002340, 0.002333 
512, 32768,  8, 944151, 24, 39509, 77.166016, 0.002176, 0.002656 
512, 32768,  9, 1060371, 23, 44383, 86.685547, 0.004444, 0.005515 
1024, 32,  2, 96, 2, 2080, 2.031250, 0.000092, 0.000095 
512, 32768,  10, 1191952, 23, 49629, 96.931641, 0.003537, 0.005941 
512, 4,  1, 6, 2, 514, 1.003906, 0.000153, 0.000095 
512, 4,  2, 12, 2, 1028, 2.007812, 0.000054, 0.000049 
512, 4,  3, 18, 2, 1542, 3.011719, 0.000118, 0.000167 
512, 4,  4, 24, 2, 2056, 4.015625, 0.000053, 0.000089 
512, 4,  5, 30, 2, 2570, 5.019531, 0.000055, 0.000105 
512, 4,  6, 36, 2, 3084, 6.023438, 0.000052, 0.000126 
512, 4,  7, 42, 2, 3598, 7.027344, 0.000123, 0.000357 
512, 4,  8, 48, 2, 4112, 8.031250, 0.000058, 0.000175 
512, 4,  9, 54, 2, 4626, 9.035156, 0.000050, 0.000183 
1024, 32,  3, 144, 2, 3120, 3.046875, 0.000091, 0.000135 
512, 4,  10, 60, 2, 5140, 10.039062, 0.000050, 0.000203 
512, 4096,  1, 7277, 7, 1376, 2.687500, 0.000401, 0.000084 
512, 4096,  2, 15020, 8, 2848, 5.562500, 0.000404, 0.000155 
512, 4096,  3, 22302, 7, 4216, 8.234375, 0.000643, 0.000362 
512, 4096,  4, 29486, 7, 5512, 10.765625, 0.000610, 0.000447 
512, 4096,  5, 36854, 7, 6907, 13.490234, 0.000610, 0.000548 
512, 4096,  6, 44108, 7, 8275, 16.162109, 0.000434, 0.000433 
512, 4096,  7, 51445, 7, 9648, 18.843750, 0.000430, 0.000524 
512, 4096,  8, 58991, 7, 11003, 21.490234, 0.000403, 0.000539 
512, 4096,  9, 66186, 7, 12365, 24.150391, 0.000682, 0.001027 
1024, 32,  4, 192, 2, 4160, 4.062500, 0.000272, 0.000521 
512, 4096,  10, 72871, 7, 13750, 26.855469, 0.000403, 0.000671 
512, 512,  1, 741, 3, 681, 1.330078, 0.000165, 0.000074 
512, 512,  2, 1469, 3, 1370, 2.675781, 0.000164, 0.000133 
512, 512,  3, 2208, 4, 2056, 4.015625, 0.000304, 0.000346 
512, 512,  4, 2996, 3, 2774, 5.417969, 0.000154, 0.000221 
512, 512,  5, 3738, 3, 3453, 6.744141, 0.000167, 0.000287 
512, 512,  6, 4447, 3, 4122, 8.050781, 0.000108, 0.000210 
512, 512,  7, 5190, 4, 4811, 9.396484, 0.000106, 0.000243 
512, 512,  8, 5922, 4, 5489, 10.720703, 0.000106, 0.000273 
512, 512,  9, 6666, 3, 6175, 12.060547, 0.000105, 0.000307 
1024, 32,  5, 240, 2, 5200, 5.078125, 0.000096, 0.000220 
512, 512,  10, 7411, 4, 6845, 13.369141, 0.000156, 0.000507 
512, 64,  1, 94, 2, 542, 1.058594, 0.000094, 0.000051 
512, 64,  2, 187, 2, 1081, 2.111328, 0.000059, 0.000053 
512, 64,  3, 279, 2, 1621, 3.166016, 0.000090, 0.000122 
512, 64,  4, 378, 2, 2165, 4.228516, 0.000060, 0.000096 
512, 64,  5, 472, 2, 2707, 5.287109, 0.000090, 0.000188 
512, 64,  6, 563, 2, 3248, 6.343750, 0.000057, 0.000138 
512, 64,  7, 658, 2, 3790, 7.402344, 0.000148, 0.000422 
512, 64,  8, 747, 2, 4326, 8.449219, 0.000152, 0.000536 
512, 64,  9, 841, 2, 4868, 9.507812, 0.000164, 0.000527 
1024, 32,  6, 288, 2, 6240, 6.093750, 0.000095, 0.000262 
512, 64,  10, 941, 2, 5415, 10.576172, 0.000065, 0.000254 
512, 65536,  1, 363379, 40, 8523, 16.646484, 0.014489, 0.002691 
512, 65536,  2, 716857, 38, 17151, 33.498047, 0.004156, 0.001772 
512, 65536,  3, 1066341, 40, 25726, 50.246094, 0.004264, 0.002576 
512, 65536,  4, 1399717, 40, 34789, 67.947266, 0.007098, 0.007396 
512, 65536,  5, 1763782, 39, 43290, 84.550781, 0.014194, 0.012907 
512, 65536,  6, 2105195, 39, 51439, 100.466797, 0.011077, 0.009727 
512, 65536,  7, 2448730, 39, 59970, 117.128906, 0.018568, 0.020522 
512, 65536,  8, 2756767, 39, 68628, 134.039062, 0.011755, 0.015004 
512, 65536,  9, 3122991, 39, 77017, 150.423828, 0.014180, 0.019085 
1024, 32,  7, 336, 2, 7280, 7.109375, 0.000092, 0.000291 
512, 65536,  10, 3460568, 39, 85557, 167.103516, 0.004285, 0.008587 
512, 8,  1, 12, 2, 516, 1.007812, 0.000081, 0.000051 
512, 8,  2, 24, 2, 1032, 2.015625, 0.000084, 0.000081 
512, 8,  3, 36, 2, 1548, 3.023438, 0.000148, 0.000209 
512, 8,  4, 48, 2, 2064, 4.031250, 0.000155, 0.000265 
512, 8,  5, 60, 2, 2580, 5.039062, 0.000155, 0.000324 
512, 8,  6, 72, 2, 3096, 6.046875, 0.000155, 0.000381 
512, 8,  7, 84, 2, 3612, 7.054688, 0.000139, 0.000384 
512, 8,  8, 96, 2, 4128, 8.062500, 0.000053, 0.000162 
512, 8,  9, 108, 2, 4644, 9.070312, 0.000125, 0.000436 
1024, 32,  8, 384, 2, 8320, 8.125000, 0.000271, 0.001096 
512, 8,  10, 120, 2, 5160, 10.078125, 0.000053, 0.000201 
512, 8192,  1, 17493, 10, 1995, 3.896484, 0.000737, 0.000127 
512, 8192,  2, 34989, 10, 4011, 7.833984, 0.000725, 0.000171 
512, 8192,  3, 52444, 10, 5968, 11.656250, 0.000743, 0.000366 
512, 8192,  4, 69864, 10, 7949, 15.525391, 0.000736, 0.000454 
512, 8192,  5, 86971, 10, 9955, 19.443359, 0.000740, 0.000529 
512, 8192,  6, 104093, 9, 11894, 23.230469, 0.000743, 0.000639 
512, 8192,  7, 122802, 10, 13782, 26.917969, 0.001361, 0.001537 
512, 8192,  8, 140959, 10, 15809, 30.876953, 0.000763, 0.000919 
512, 8192,  9, 158585, 10, 17917, 34.994141, 0.001968, 0.002813 
1024, 32,  9, 432, 2, 9360, 9.140625, 0.000242, 0.000972 
512, 8192,  10, 175989, 10, 19870, 38.808594, 0.000760, 0.001032 
512, 1024,  1, 1519, 4, 816, 1.593750, 0.000196, 0.000070 
512, 1024,  2, 3065, 4, 1641, 3.205078, 0.000149, 0.000091 
512, 1024,  3, 4629, 4, 2482, 4.847656, 0.000149, 0.000131 
512, 1024,  4, 6160, 4, 3302, 6.449219, 0.000274, 0.000318 
512, 1024,  5, 7682, 4, 4121, 8.048828, 0.000438, 0.000629 
512, 1024,  6, 9186, 4, 4932, 9.632812, 0.000442, 0.000781 
512, 1024,  7, 10751, 4, 5763, 11.255859, 0.000442, 0.000874 
512, 1024,  8, 12299, 5, 6586, 12.863281, 0.000447, 0.000981 
512, 1024,  9, 13940, 4, 7439, 14.529297, 0.000447, 0.001174 
