0, 1, 0, 1, 0, 1, 2, 2.000000, 0.000007, 0.000005
0, 1024, 4096, 1, 0, 4, 7216, 7.046875, 0.000992, 0.005017
0, 512, 16384, 1, 0, 13, 10131, 19.787109, 0.003477, 0.008546
0, 64, 0, 1, 0, 1, 128, 2.000000, 0.000009, 0.000008
0, 64, 2, 1, 0, 2, 193, 3.015625, 0.000007, 0.000032
0, 64, 2048, 1, 0, 14, 1436, 22.437500, 0.000123, 0.000475
0, 64, 256, 1, 0, 4, 380, 5.937500, 0.000024, 0.000111
0, 64, 32, 1, 0, 2, 202, 3.156250, 0.000009, 0.000037
0, 64, 4, 1, 0, 2, 194, 3.031250, 0.000007, 0.000032
0, 64, 4032, 1, 0, 64, 6176, 96.500000, 0.000453, 0.003435
0, 64, 512, 1, 0, 6, 552, 8.625000, 0.000049, 0.000111
0, 64, 64, 1, 0, 2, 276, 4.312500, 0.000024, 0.000151
0, 1024, 512, 1, 0, 2, 3286, 3.208984, 0.000118, 0.000544
0, 64, 8, 1, 0, 2, 196, 3.062500, 0.000016, 0.000075
0, 64, 1024, 1, 0, 8, 817, 12.765625, 0.000219, 0.001098
0, 64, 128, 1, 0, 3, 356, 5.562500, 0.000056, 0.000253
0, 64, 16, 1, 0, 2, 199, 3.109375, 0.000030, 0.000130
0, 8, 0, 1, 0, 1, 16, 2.000000, 0.000009, 0.000011
0, 8, 2, 1, 0, 2, 25, 3.125000, 0.000015, 0.000038
0, 8, 32, 1, 0, 3, 38, 4.750000, 0.000023, 0.000062
0, 8, 4, 1, 0, 2, 25, 3.125000, 0.000017, 0.000044
0, 8, 56, 1, 0, 8, 100, 12.500000, 0.000030, 0.000076
0, 8, 8, 1, 0, 2, 35, 4.375000, 0.000005, 0.000016
0, 1024, 524288, 1, 0, 121, 183926, 179.615234, 0.032418, 0.391973
0, 8, 16, 1, 0, 3, 38, 4.750000, 0.000008, 0.000017
0, 1024, 64, 1, 0, 2, 3103, 3.030273, 0.000084, 0.000512
0, 1024, 65536, 1, 0, 21, 32145, 31.391602, 0.008531, 0.013436
0, 1024, 8, 1, 0, 2, 3076, 3.003906, 0.000155, 0.000940
0, 1024, 8192, 1, 0, 6, 9901, 9.668945, 0.001194, 0.003801
0, 1024, 1024, 1, 0, 3, 4442, 4.337891, 0.000264, 0.001052
0, 1024, 1047532, 1, 0, 1014, 1556308, 1519.832031, 0.116314, 5.536387
0, 1024, 128, 1, 0, 2, 3134, 3.060547, 0.000142, 0.000805
0, 1024, 0, 1, 0, 1, 2048, 2.000000, 0.000128, 0.000076
0, 1024, 131072, 1, 0, 35, 53557, 52.301758, 0.008206, 0.044344
0, 1024, 16, 1, 0, 2, 3080, 3.007812, 0.000076, 0.000473
0, 1024, 16384, 1, 0, 8, 13091, 12.784180, 0.001137, 0.005417
0, 128, 0, 1, 0, 1, 256, 2.000000, 0.000043, 0.000038
0, 128, 2, 1, 0, 2, 385, 3.007812, 0.000011, 0.000053
0, 128, 2048, 1, 0, 8, 1625, 12.695312, 0.000134, 0.000415
0, 128, 256, 1, 0, 3, 712, 5.562500, 0.000029, 0.000127
0, 128, 32, 1, 0, 2, 396, 3.093750, 0.000023, 0.000094
0, 128, 4, 1, 0, 2, 386, 3.015625, 0.000011, 0.000055
0, 128, 4096, 1, 0, 13, 2613, 20.414062, 0.000596, 0.001564
0, 1024, 2, 1, 0, 2, 3073, 3.000977, 0.000066, 0.000421
0, 128, 512, 1, 0, 4, 1028, 8.031250, 0.000068, 0.000446
0, 128, 64, 1, 0, 2, 407, 3.179688, 0.000017, 0.000062
0, 128, 8, 1, 0, 2, 388, 3.031250, 0.000045, 0.000228
0, 128, 8192, 1, 0, 22, 4438, 34.671875, 0.002035, 0.008358
0, 128, 1024, 1, 0, 5, 1149, 8.976562, 0.000161, 0.000660
0, 128, 128, 1, 0, 3, 554, 4.328125, 0.000021, 0.000103
0, 128, 16, 1, 0, 2, 391, 3.054688, 0.000011, 0.000058
0, 128, 16256, 1, 0, 128, 24640, 192.500000, 0.001077, 0.017116
0, 16, 0, 1, 0, 1, 32, 2.000000, 0.000005, 0.000005
0, 16, 2, 1, 0, 2, 49, 3.062500, 0.000005, 0.000015
0, 1024, 2048, 1, 0, 3, 5698, 5.564453, 0.000841, 0.006366
0, 16, 240, 1, 0, 16, 392, 24.500000, 0.000019, 0.000056
0, 16, 32, 1, 0, 3, 74, 4.625000, 0.000015, 0.000044
0, 16, 4, 1, 0, 2, 49, 3.062500, 0.000005, 0.000015
0, 16, 64, 1, 0, 4, 96, 6.000000, 0.000022, 0.000048
0, 16, 8, 1, 0, 2, 51, 3.187500, 0.000005, 0.000017
0, 16, 128, 1, 0, 6, 146, 9.125000, 0.000031, 0.000081
0, 16, 16, 1, 0, 2, 54, 3.375000, 0.000013, 0.000037
0, 2, 0, 1, 0, 1, 4, 2.000000, 0.000007, 0.000007
0, 2, 2, 1, 0, 2, 7, 3.500000, 0.000015, 0.000028
0, 256, 0, 1, 0, 1, 512, 2.000000, 0.000069, 0.000049
0, 1024, 256, 1, 0, 2, 3184, 3.109375, 0.000330, 0.001729
0, 256, 2, 1, 0, 2, 769, 3.003906, 0.000071, 0.000418
0, 256, 2048, 1, 0, 6, 2198, 8.585938, 0.000537, 0.002836
0, 256, 256, 1, 0, 3, 1110, 4.335938, 0.000111, 0.000590
0, 256, 32, 1, 0, 2, 782, 3.054688, 0.000111, 0.000447
0, 256, 32768, 1, 0, 39, 15259, 59.605469, 0.003240, 0.010685
0, 256, 4, 1, 0, 2, 770, 3.007812, 0.000023, 0.000128
0, 256, 4096, 1, 0, 8, 3222, 12.585938, 0.000298, 0.000744
0, 256, 512, 1, 0, 3, 1176, 4.593750, 0.000053, 0.000226
0, 256, 64, 1, 0, 2, 795, 3.105469, 0.000022, 0.000146
0, 256, 65280, 1, 0, 256, 98432, 384.500000, 0.011563, 0.126732
0, 1024, 262144, 1, 0, 61, 93416, 91.226562, 0.017838, 0.116220
0, 256, 8, 1, 0, 2, 771, 3.011719, 0.000023, 0.000124
0, 256, 8192, 1, 0, 13, 5260, 20.546875, 0.000499, 0.002262
0, 256, 1024, 1, 0, 4, 1780, 6.953125, 0.000084, 0.000314
0, 256, 128, 1, 0, 2, 1078, 4.210938, 0.000027, 0.000164
0, 256, 16, 1, 0, 2, 774, 3.023438, 0.000021, 0.000112
0, 256, 16384, 1, 0, 21, 8328, 32.531250, 0.000961, 0.004887
0, 32, 0, 1, 0, 1, 64, 2.000000, 0.000005, 0.000006
0, 32, 2, 1, 0, 2, 97, 3.031250, 0.000005, 0.000020
0, 32, 256, 1, 0, 6, 273, 8.531250, 0.000054, 0.000184
0, 32, 32, 1, 0, 2, 137, 4.281250, 0.000016, 0.000063
0, 1024, 32, 1, 0, 2, 3088, 3.015625, 0.000078, 0.000474
0, 32, 4, 1, 0, 2, 97, 3.031250, 0.000008, 0.000025
0, 32, 512, 1, 0, 9, 457, 14.281250, 0.000145, 0.000636
0, 32, 64, 1, 0, 3, 144, 4.500000, 0.000011, 0.000030
0, 32, 8, 1, 0, 2, 99, 3.093750, 0.000013, 0.000043
0, 32, 992, 1, 0, 32, 1552, 48.500000, 0.000184, 0.000873
0, 32, 128, 1, 0, 4, 218, 6.812500, 0.000015, 0.000065
0, 32, 16, 1, 0, 2, 101, 3.156250, 0.000007, 0.000024
0, 4, 0, 1, 0, 1, 8, 2.000000, 0.000015, 0.000020
0, 4, 2, 1, 0, 2, 13, 3.250000, 0.000013, 0.000020
0, 4, 4, 1, 0, 2, 13, 3.250000, 0.000008, 0.000018
0, 1024, 32768, 1, 0, 13, 19983, 19.514648, 0.005458, 0.009679
0, 4, 8, 1, 0, 3, 20, 5.000000, 0.000004, 0.000012
0, 4, 12, 1, 0, 4, 26, 6.500000, 0.000018, 0.000038
0, 512, 0, 1, 0, 1, 1024, 2.000000, 0.000084, 0.000058
0, 512, 2, 1, 0, 2, 1537, 3.001953, 0.000032, 0.000190
0, 512, 2048, 1, 0, 4, 3048, 5.953125, 0.000164, 0.000614
0, 512, 256, 1, 0, 2, 2153, 4.205078, 0.000211, 0.001201
0, 512, 261632, 1, 0, 512, 393472, 768.500000, 0.040234, 0.747563
0, 512, 32, 1, 0, 2, 1552, 3.031250, 0.000033, 0.000188
0, 512, 32768, 1, 0, 20, 16069, 31.384766, 0.002109, 0.009510
0, 512, 4, 1, 0, 2, 1538, 3.003906, 0.000034, 0.000201
0, 1024, 4, 1, 0, 2, 3074, 3.001953, 0.000080, 0.000371
0, 512, 4096, 1, 0, 6, 4960, 9.687500, 0.001082, 0.003823
0, 512, 512, 1, 0, 3, 2728, 5.328125, 0.000287, 0.002887
0, 512, 64, 1, 0, 2, 1567, 3.060547, 0.000131, 0.000765
0, 512, 65536, 1, 0, 35, 27641, 53.986328, 0.004109, 0.031484
0, 512, 8, 1, 0, 2, 1540, 3.007812, 0.000070, 0.000423
0, 512, 8192, 1, 0, 8, 7078, 13.824219, 0.001620, 0.004334
0, 512, 1024, 1, 0, 3, 2855, 5.576172, 0.000378, 0.001747
0, 512, 128, 1, 0, 2, 1597, 3.119141, 0.000084, 0.000434
0, 512, 131072, 1, 0, 68, 51490, 100.566406, 0.007771, 0.044077
0, 512, 16, 1, 0, 2, 1544, 3.015625, 0.000045, 0.000266
