1024
885	0
0
0
541	797	0
498	0
0
0
406	0
0
705	0
987	0
728	0
0
0
0
0
0
0
886	0
314	0
0
78	0
0
111	0
0
0
0
405	0
0
420	0
0
0
0
476	0
0
779	0
0
0
152	0
0
156	0
0
106	0
0
276	0
0
394	0
530	0
540	0
473	0
58	0
877	0
305	0
0
903	0
0
0
51	0
0
0
0
0
0
0
0
522	0
435	0
657	0
0
0
0
0
0
0
1007	0
0
0
22	539	0
235	0
277	670	0
513	0
0
0
0
356	0
110	0
0
120	0
985	0
0
462	0
197	0
533	0
538	921	0
0
101	0
625	0
0
0
860	0
96	938	0
589	620	0
959	0
725	0
895	0
43	0
0
0
999	0
86	0
24	0
0
0
773	925	0
0
0
627	0
0
929	0
88	896	0
0
0
0
0
0
0
563	0
0
759	0
0
0
0
804	0
225	0
0
0
887	0
609	0
0
0
0
0
0
863	0
755	0
0
0
0
0
415	0
267	0
39	0
0
682	0
526	0
41	0
255	917	0
0
0
0
0
242	273	708	0
0
1016	0
0
632	0
567	0
0
564	0
0
0
0
0
0
0
0
0
0
0
0
0
251	0
502	0
801	994	0
0
0
393	0
0
349	544	0
458	0
883	0
0
0
393	0
0
272	0
92	0
0
870	0
353	0
0
270	0
0
354	683	826	0
0
0
0
542	733	0
240	0
0
0
0
0
0
788	0
0
0
0
0
994	0
441	703	0
0
0
0
134	1020	0
0
0
0
0
0
0
0
0
245	0
79	0
0
0
0
748	0
209	878	0
0
162	0
0
0
234	0
0
0
0
618	0
0
182	0
0
0
950	0
157	0
0
986	0
996	0
0
0
0
0
0
0
451	0
0
151	0
0
0
202	0
0
196	0
162	0
0
0
45	0
80	0
0
0
0
0
781	0
0
502	525	989	0
0
504	0
0
599	0
0
0
355	0
979	0
0
0
0
0
0
838	0
836	0
830	0
0
0
388	0
376	518	0
53	0
0
0
0
0
427	0
853	0
969	0
0
20	766	919	0
0
687	779	0
0
0
0
0
0
0
0
337	0
0
0
0
0
0
647	0
0
510	0
0
381	0
0
0
324	390	0
919	0
447	997	0
0
712	0
0
0
0
0
0
439	689	0
0
189	1017	0
0
0
0
200	0
204	0
291	0
85	563	0
599	0
0
649	0
606	0
0
0
370	875	0
458	461	0
825	0
0
986	0
0
0
363	971	0
811	0
499	0
738	0
0
438	0
304	0
891	0
528	0
0
0
334	835	0
0
845	0
0
0
0
0
303	0
0
337	411	613	0
0
0
187	194	0
47	0
0
0
708	0
0
0
621	844	0
0
0
0
0
28	754	0
8	0
0
0
0
899	0
390	0
577	0
928	1005	0
538	0
150	0
0
0
0
0
30	0
0
0
0
0
0
0
310	0
0
926	927	0
444	933	0
725	0
0
0
0
67	0
940	0
0
375	0
347	0
0
221	0
714	0
0
430	929	0
0
0
339	0
0
0
767	0
265	930	0
641	0
0
0
0
0
0
190	364	0
735	0
0
364	0
91	0
0
0
0
0
0
820	0
0
1023	0
0
0
50	0
538	0
0
34	0
0
523	0
0
754	887	0
0
0
0
0
831	0
0
0
0
0
705	0
0
0
0
0
546	0
633	0
576	0
5	0
372	0
0
0
183	284	0
528	0
286	0
0
0
0
0
0
332	664	673	753	0
0
0
81	0
0
0
0
0
304	0
0
596	0
0
66	878	0
478	0
0
284	0
155	985	0
0
378	503	0
0
48	0
0
0
93	0
0
0
0
0
94	414	474	0
78	0
49	969	0
4	0
208	868	0
760	0
189	0
0
495	0
0
634	0
0
0
0
0
0
0
0
0
0
732	0
0
0
0
640	0
127	356	0
169	0
0
0
167	0
711	0
0
0
0
0
0
0
755	0
497	587	723	0
412	0
0
778	0
0
0
802	0
0
644	0
0
0
576	0
871	0
102	1005	0
0
604	0
0
0
0
0
520	0
0
0
288	357	0
0
0
0
0
591	0
0
360	0
0
0
138	0
0
0
881	0
390	0
0
0
0
0
249	0
0
102	0
400	0
675	0
0
0
97	0
0
117	0
0
0
0
0
166	0
496	796	0
548	0
0
0
0
856	0
0
562	0
452	0
0
0
584	0
0
0
330	0
0
359	0
0
0
0
0
0
0
0
68	0
765	0
0
0
0
0
0
510	870	0
0
827	0
0
0
0
80	1014	0
994	0
0
510	0
930	0
622	0
0
0
0
0
0
0
154	0
204	789	0
0
0
0
316	0
0
347	0
739	0
0
0
0
0
885	993	0
765	0
819	0
0
0
0
0
0
221	0
878	920	0
10	490	0
0
0
162	397	773	0
0
0
568	0
341	0
0
442	0
0
0
0
0
0
0
0
0
576	0
0
104	431	0
0
0
12	0
0
0
0
558	0
208	913	0
0
459	0
0
0
373	0
690	843	0
0
0
0
0
0
0
0
0
239	0
0
0
0
0
510	0
405	480	0
145	575	0
0
0
0
129	0
543	0
0
0
781	0
0
658	696	0
314	0
450	0
0
0
0
0
0
114	708	0
0
0
0
0
579	0
36	316	0
0
282	763	0
0
787	0
0
0
918	0
783	0
215	0
683	0
0
0
0
0
0
0
633	0
4	907	0
0
831	0
0
184	0
582	0
0
133	0
0
0
0
0
0
0
371	924	0
0
0
0
0
0
0
0
697	0
468	0
0
0
0
0
365	0
204	0
666	0
953	0
987	0
300	0
485	799	0
0
0
0
381	0
299	0
0
298	877	1006	0
0
0
0
0
739	0
400	0
383	0
0
0
0
0
0
0
0
311	0
0
0
638	0
0
0
0
100	0
0
0
144	0
0
0
0
0
542	0
0
199	664	0
588	0
0
0
0
363	0
0
52	838	0
240	522	704	0
0
0
612	0
0
191	0
0
1	695	0
19	0
137	480	0
0
0
0
377	0
0
0
0
105	0
120	0
0
0
410	0
0
0
0
55	0
991	0
0
0
797	0
0
0
0
0
0
733	0
0
0
0
157	0
786	0
314	338	0
704	0
94	0
0
0
811	0
114	0
429	0
429	0
413	0
119	444	0
451	674	0
0
0
430	0
0
0
0
0
101	0
0
436	0
0
0
0
0
0
0
0
0
0
254	0
0
0
828	0
0
0
0
0
0
103	0
0
0
0
0
0
0
0
0
0
312	540	0
0
370	0
0
0
0
0
0
0
0
292	0
0
0
0
0
0
89	526	0
257	367	0
11	829	0
0
284	0
0
904	0
0
695	0
184	220	671	0
0
258	0
339	0
0
109	0
0
0
0
0
0
413	589	0
838	0
75	0
0
0
0
0
0
0
670	0
0
164	0
349	0
0
0
225	0
0
0
470	0
0
