1024
885	0
0
0
0
0
0
0
0
0
0
0
0
0
0
0
0
0
0
0
0
0
0
0
0
0
0
0
0
0
420	0
0
0
0
476	0
0
0
0
0
0
0
0
0
0
0
0
0
0
0
0
0
0
0
0
0
0
0
0
0
0
0
0
0
0
0
0
0
0
0
0
0
0
0
0
0
0
0
0
0
0
0
0
0
0
0
0
0
0
0
0
0
0
0
0
0
0
0
0
0
0
860	0
0
0
0
0
0
0
0
0
0
0
0
0
0
0
0
0
0
0
929	0
0
0
0
0
0
0
0
0
0
759	0
0
0
0
0
0
0
0
0
0
0
0
0
0
0
0
0
0
0
0
0
0
0
0
0
0
0
0
0
0
0
0
0
242	0
0
0
0
0
0
0
564	0
0
0
0
0
0
0
0
0
0
0
0
0
0
0
0
0
0
0
0
349	0
0
0
0
0
0
0
0
0
0
0
0
0
0
0
0
0
0
0
0
0
0
0
0
0
0
0
0
0
0
0
0
0
0
0
0
0
0
0
0
0
0
0
0
0
245	0
0
0
0
0
748	0
878	0
0
162	0
0
0
234	0
0
0
0
618	0
0
0
0
0
0
0
0
986	0
0
0
0
0
0
0
0
0
0
0
0
0
0
0
0
0
0
0
0
0
0
0
0
0
0
0
0
0
0
0
0
0
0
0
0
0
0
0
0
0
0
836	0
0
0
0
0
518	0
0
0
0
0
0
0
0
0
0
0
0
0
0
0
0
0
0
0
0
0
0
0
0
0
0
0
0
0
0
0
0
0
0
0
0
0
0
0
0
0
0
0
0
0
189	0
0
0
0
0
0
0
0
0
0
0
606	0
0
0
0
0
0
0
0
0
0
0
811	0
0
0
0
0
0
0
0
0
0
0
0
845	0
0
0
0
0
0
0
0
0
0
0
0
0
0
0
0
0
844	0
0
0
0
0
0
0
0
0
0
899	0
0
0
0
0
0
0
0
0
0
30	0
0
0
0
0
0
0
0
0
927	0
0
725	0
0
0
0
0
0
0
0
0
0
0
714	0
0
0
0
0
0
0
0
0
0
0
0
0
0
0
0
0
0
0
0
0
0
0
0
0
0
0
0
0
0
0
0
0
0
34	0
0
0
0
0
0
0
0
0
0
0
0
0
0
0
0
0
0
0
0
0
0
0
0
0
0
0
0
0
0
0
0
0
0
0
0
0
0
0
0
0
0
304	0
0
596	0
0
0
0
0
0
0
0
0
0
0
0
0
0
0
0
0
0
0
0
0
0
868	0
0
0
0
0
0
0
0
0
0
0
0
0
0
0
0
0
0
0
0
0
0
169	0
0
0
0
0
0
0
0
0
0
0
755	0
0
0
0
0
0
0
0
0
0
0
0
0
0
1005	0
0
0
0
0
0
0
520	0
0
0
0
0
0
0
0
0
0
360	0
0
0
0
0
0
0
0
0
0
0
0
249	0
0
0
0
0
0
0
0
0
0
0
0
0
0
0
0
0
0
0
0
0
0
0
0
0
0
0
0
0
0
0
0
0
0
0
0
0
0
0
0
0
0
0
0
0
0
0
0
0
0
0
0
0
0
0
0
0
0
0
0
0
0
0
0
0
0
0
0
0
0
0
0
0
0
0
0
0
0
765	0
0
0
0
0
0
0
0
0
0
0
0
773	0
0
0
0
0
0
442	0
0
0
0
0
0
0
0
0
0
0
431	0
0
0
0
0
0
0
0
0
0
0
0
0
0
0
0
0
0
0
0
0
0
0
239	0
0
0
0
0
0
0
575	0
0
0
0
129	0
0
0
0
0
0
696	0
0
0
0
0
0
0
0
708	0
0
0
0
0
0
0
0
0
0
0
0
0
918	0
0
0
0
0
0
0
0
0
0
0
0
0
0
0
0
0
0
0
0
0
0
0
0
0
371	924	0
0
0
0
0
0
0
0
0
0
0
0
0
0
0
0
0
0
0
0
0
0
0
0
0
299	0
0
0
0
0
0
0
0
400	0
383	0
0
0
0
0
0
0
0
0
0
0
0
0
0
0
100	0
0
0
0
0
0
0
0
542	0
0
0
0
0
0
0
0
0
0
240	0
0
0
0
0
0
0
1	0
0
0
0
0
0
0
0
0
0
0
0
0
0
410	0
0
0
0
0
0
0
0
0
0
0
0
0
0
0
0
0
0
0
786	0
0
0
0
0
0
811	0
0
0
429	0
0
119	0
0
0
0
0
0
0
0
0
0
0
0
0
0
0
0
0
0
0
0
0
0
0
0
0
0
0
0
0
0
0
0
0
0
0
0
0
0
0
0
0
0
0
0
0
0
0
0
0
0
0
0
0
0
0
0
0
257	0
0
0
0
0
0
0
0
0
0
0
0
0
0
0
0
0
0
0
589	0
0
0
0
0
0
0
0
0
0
0
0
0
0
0
0
0
0
0
0
