1024
5	223	0
444	868	0
360	614	739	838	0
306	733	848	861	0
1	442	534	797	998	0
51	623	927	0
22	268	437	815	921	933	0
40	360	370	558	646	0
243	694	0
56	199	495	0
398	531	895	0
351	924	0
33	212	0
36	286	1021	0
450	548	557	852	0
331	686	0
32	599	613	672	0
354	497	921	992	0
225	286	392	686	811	963	0
121	480	877	941	0
292	314	791	865	993	0
7	206	656	981	0
485	785	903	0
116	0
230	892	0
66	748	762	0
146	168	509	0
232	789	866	894	0
121	210	0
98	701	728	0
966	1021	0
17	150	718	756	1018	0
13	274	355	467	569	906	0
214	461	823	851	0
932	0
14	217	359	535	769	848	0
262	724	794	796	967	0
352	359	371	743	757	0
154	314	365	527	536	0
8	814	975	0
139	621	845	943	0
59	117	203	301	512	738	0
47	74	80	591	0
90	101	263	285	306	577	743	0
115	424	637	0
520	533	625	0
43	492	682	0
110	555	627	774	0
58	743	846	0
129	266	284	598	809	0
6	132	544	679	915	970	0
56	249	506	676	0
67	126	137	244	371	400	481	590	904	910	0
373	511	601	688	799	0
316	571	625	657	0
10	52	159	274	280	284	421	0
478	754	761	0
49	396	410	621	974	982	0
42	66	291	845	916	949	0
151	370	645	653	0
66	322	386	398	473	0
236	407	0
109	292	959	970	0
418	615	0
580	701	806	828	983	0
26	59	61	139	198	795	968	0
53	223	348	849	1000	0
945	983	0
236	270	426	479	782	807	997	0
219	0
153	402	677	696	860	955	0
374	409	555	665	799	877	963	971	0
77	233	265	358	579	0
43	82	461	814	0
253	626	0
406	495	723	784	861	938	984	0
73	81	281	574	648	656	0
139	287	316	347	518	641	925	938	956	0
364	414	702	0
43	387	428	606	0
77	179	0
74	208	422	547	582	704	890	921	1012	0
259	422	595	660	775	886	938	0
91	197	508	620	657	693	0
135	365	714	0
210	861	1020	0
340	805	0
101	255	318	406	660	831	872	0
123	142	209	617	974	979	0
44	135	634	0
84	214	696	887	0
160	318	355	469	693	712	716	842	0
346	903	0
418	0
0
115	348	855	879	884	0
471	566	0
30	535	850	949	0
447	544	938	952	0
326	372	600	715	882	971	0
44	88	212	1019	0
830	864	0
196	278	528	924	0
257	947	0
257	431	642	0
562	0
247	414	624	719	907	0
595	982	0
63	298	0
48	517	646	919	0
254	349	509	695	920	981	0
119	649	0
373	518	697	702	0
298	716	729	0
45	96	251	282	297	444	940	0
24	323	376	399	682	781	854	951	0
42	315	402	517	868	0
262	873	0
112	241	381	0
234	707	924	1020	0
20	29	177	257	416	647	740	0
193	415	698	903	0
89	138	555	946	0
590	0
232	437	629	732	0
53	146	418	725	773	0
146	587	0
284	764	0
50	316	323	0
0
300	866	879	0
51	208	434	586	597	599	878	926	0
289	328	380	533	590	724	0
918	0
85	90	512	806	0
206	0
53	194	711	0
123	366	367	534	0
41	66	78	433	0
660	815	819	877	921	0
926	929	991	0
89	380	453	810	0
200	475	547	555	940	0
181	582	848	960	978	0
669	875	0
27	126	127	695	0
234	344	793	1024	0
304	496	576	811	0
211	475	850	0
32	647	0
60	387	567	575	631	0
610	954	0
71	185	472	658	0
39	953	1003	0
160	296	587	694	783	1016	0
490	656	914	0
339	837	959	0
285	315	344	624	698	818	0
56	180	432	733	796	0
92	155	341	367	767	814	981	0
172	264	557	588	634	1016	0
409	505	701	873	0
219	474	803	0
268	280	378	660	0
220	253	733	855	967	993	994	0
269	295	545	855	918	942	0
315	318	388	646	898	0
27	228	280	340	0
206	413	486	0
202	238	317	606	0
361	383	708	0
161	235	621	1010	1011	0
472	568	648	746	859	0
0
193	265	452	600	761	0
553	714	834	0
121	392	764	0
217	865	965	0
81	0
159	271	367	909	931	0
144	261	341	564	853	902	935	988	0
411	626	727	933	0
191	470	491	507	637	737	888	0
230	462	473	0
153	313	862	981	995	0
546	603	808	0
299	393	481	485	606	701	719	0
314	0
600	726	803	0
753	955	0
183	804	0
620	873	976	1003	0
122	175	234	483	555	933	941	976	0
137	352	928	0
249	255	0
103	203	0
84	355	547	746	781	0
66	970	1010	1015	0
10	701	0
143	404	553	815	0
202	538	602	699	834	0
170	201	323	357	492	663	931	0
42	196	274	384	388	842	0
417	433	701	1021	0
359	0
22	136	169	354	520	833	0
358	743	849	1020	0
82	132	346	397	560	612	864	0
89	308	652	804	965	0
29	86	273	359	566	0
149	470	728	893	0
13	101	480	0
594	716	0
34	91	489	650	0
314	0
298	566	0
36	178	758	798	0
608	973	0
70	163	394	610	958	0
165	423	594	981	0
448	0
488	775	0
1	67	939	0
0
19	484	846	913	0
783	880	0
256	400	461	553	785	976	0
168	810	825	0
257	0
25	184	384	609	905	950	0
414	1018	0
28	125	290	442	740	807	0
73	360	481	486	0
120	147	193	251	361	521	685	887	0
172	497	624	871	1021	0
62	69	926	0
246	566	651	0
170	277	549	0
496	697	772	1016	0
243	397	410	591	0
119	352	406	866	0
507	615	749	806	0
9	240	423	789	914	0
53	984	993	0
355	454	520	844	976	985	0
237	522	757	816	923	943	991	0
107	533	618	911	0
345	697	893	908	0
52	195	412	540	617	680	689	940	0
278	497	540	0
115	234	372	496	522	583	792	925	962	989	1012	1018	0
301	0
75	165	519	535	740	958	0
111	979	0
88	195	432	457	636	705	762	813	930	983	0
227	434	485	898	968	971	0
104	105	121	229	465	517	879	0
283	511	519	683	822	843	865	0
83	528	569	0
344	427	481	573	0
181	0
37	118	265	860	975	0
44	346	389	511	514	612	816	945	0
161	686	763	0
73	175	262	684	1018	0
50	0
306	379	884	906	0
7	164	455	586	605	882	968	0
166	468	699	796	995	0
69	393	491	586	922	0
180	324	628	728	0
940	0
210	292	318	388	604	1016	1018	0
33	56	203	412	612	690	934	1018	0
359	490	664	983	992	0
530	591	828	991	0
238	390	822	0
103	250	541	555	980	0
600	637	0
56	164	168	307	453	0
77	290	604	879	0
115	446	467	970	0
258	387	520	796	881	0
50	56	128	712	749	0
44	158	694	0
14	19	704	990	0
78	600	811	0
0
133	399	840	967	0
232	281	641	654	0
59	432	450	543	955	0
21	63	273	453	638	704	915	1007	0
348	443	497	515	822	927	0
320	705	0
166	324	632	675	750	944	0
155	417	449	0
115	596	0
109	114	216	765	808	0
187	482	571	613	835	0
131	671	827	893	0
42	252	0
0
353	422	1024	0
148	634	682	733	883	906	0
351	855	0
4	44	267	0
280	408	0
209	969	1013	0
377	847	894	997	0
356	464	486	738	0
415	472	0
447	797	0
185	632	764	0
21	39	188	215	331	681	728	787	0
117	158	167	975	0
55	78	129	385	854	874	980	0
170	0
88	92	167	273	482	582	665	0
333	339	348	489	610	682	683	832	870	0
294	399	539	801	811	980	0
762	967	0
61	577	0
116	129	202	502	616	729	801	802	839	942	965	0
271	295	327	352	552	589	910	0
0
100	420	512	564	666	787	967	0
324	474	678	685	753	840	886	0
133	785	882	955	0
500	844	901	902	961	0
445	815	0
16	314	587	912	0
414	493	602	749	916	0
319	784	971	1002	0
1021	0
696	714	993	0
545	0
864	0
365	390	909	1016	0
157	319	503	796	991	0
87	168	588	885	905	0
160	181	874	967	980	0
520	1018	0
578	0
147	158	260	722	0
248	892	0
93	208	263	538	795	1010	0
78	384	0
67	96	293	319	774	0
111	384	809	871	0
369	948	956	1004	0
12	305	353	428	766	847	0
38	194	241	324	485	588	877	0
303	351	371	477	837	0
18	206	622	850	0
33	92	197	245	401	0
310	800	837	0
202	525	0
73	207	371	411	433	0
36	38	205	210	275	0
3	8	233	647	729	0
171	234	428	449	580	0
420	560	580	672	715	896	0
805	0
79	0
39	85	338	377	902	0
138	1006	0
138	160	180	903	965	996	0
415	665	889	0
350	498	555	603	672	805	931	0
8	60	385	796	0
38	53	353	358	498	578	0
100	251	690	699	0
54	113	587	0
72	394	422	519	569	589	740	0
722	0
116	809	0
309	365	501	0
164	403	426	468	497	572	687	710	973	0
267	504	833	0
133	142	590	910	0
119	456	0
940	959	0
171	610	699	907	0
203	230	347	349	433	449	756	0
316	370	504	656	982	995	0
61	703	960	0
80	151	283	0
167	203	273	469	1011	0
263	519	0
277	338	477	0
494	749	0
19	177	690	722	872	0
187	270	420	450	511	950	0
219	374	732	970	988	0
0
58	533	0
208	240	0
11	61	0
116	289	320	638	928	0
53	227	447	945	990	0
355	0
71	117	915	982	0
378	470	0
200	626	847	0
408	718	859	0
76	88	241	479	740	795	866	867	0
62	856	0
307	405	671	0
72	162	428	565	0
58	240	718	843	0
182	358	553	680	979	0
249	274	605	0
169	508	514	589	926	0
79	107	231	332	484	667	738	806	869	1013	0
122	311	368	501	932	985	0
121	753	934	954	0
204	296	715	0
64	94	126	992	0
536	617	0
326	362	393	522	0
56	463	982	0
82	83	303	374	606	1017	0
220	243	518	0
45	818	0
601	617	658	769	981	0
69	378	579	726	759	0
260	517	641	811	835	963	0
80	351	361	409	720	804	816	0
825	911	939	1016	0
0
105	435	496	923	979	0
159	255	291	557	580	944	0
139	204	358	384	509	862	904	0
132	256	798	803	0
431	725	869	977	0
753	0
7	125	470	639	714	898	959	0
0
473	910	0
805	826	0
628	824	0
5	232	444	731	857	0
293	467	632	700	726	919	0
2	115	442	668	744	996	0
330	466	687	0
282	468	0
99	312	400	709	854	891	0
221	526	580	640	878	0
296	361	384	727	921	0
15	291	393	761	802	1019	0
538	0
175	872	0
142	280	292	685	695	713	780	817	0
245	458	0
268	661	672	735	839	921	922	984	0
381	972	0
255	678	714	753	957	0
454	489	626	0
492	621	0
611	1001	0
34	74	227	916	0
184	581	669	899	0
421	506	0
310	595	628	0
257	629	0
445	637	0
33	282	443	0
269	378	446	492	764	785	791	0
92	388	0
183	211	403	437	0
97	669	718	767	800	899	918	0
153	173	311	939	0
61	184	439	0
163	327	674	896	0
143	149	670	692	966	0
998	0
353	390	532	726	984	0
57	0
69	406	672	718	806	0
20	212	874	0
53	187	233	260	561	605	665	0
299	318	646	0
193	774	837	0
225	414	580	668	822	955	0
23	187	256	352	944	0
169	233	310	737	0
637	798	994	0
222	855	966	1000	0
214	319	458	548	0
156	275	493	664	680	0
183	270	657	666	801	0
47	202	459	468	0
332	490	527	0
391	562	658	808	0
10	76	612	631	788	801	977	0
148	239	251	431	914	970	0
18	235	250	293	378	658	797	809	1008	0
369	371	0
0
329	646	807	930	1015	0
377	415	504	783	0
323	0
339	606	794	926	0
379	385	501	666	847	0
162	811	849	0
52	463	845	979	0
183	242	584	965	1017	0
84	413	780	904	0
27	111	433	739	817	0
582	735	787	933	0
54	258	263	393	535	541	650	760	0
42	135	326	602	727	790	798	961	970	0
683	765	889	0
263	413	0
293	747	1018	0
574	632	720	797	895	900	927	0
110	117	257	427	617	830	975	1002	0
78	113	423	812	843	846	0
253	258	374	389	748	882	0
46	206	245	283	342	570	862	0
234	575	786	908	1020	0
246	251	420	595	631	0
585	840	0
533	746	987	0
357	950	0
448	558	596	0
39	493	618	622	991	0
103	259	649	833	0
705	713	0
276	613	811	0
11	610	655	890	0
477	688	799	930	962	1009	0
46	133	247	396	524	708	927	0
5	138	661	719	997	0
36	98	253	511	769	796	798	809	0
39	419	657	707	721	0
738	813	906	0
201	346	451	905	1000	0
320	853	1021	0
249	250	578	979	982	0
278	511	578	737	739	831	0
876	1021	0
291	564	665	801	861	867	886	0
51	99	576	0
166	336	0
186	757	787	0
82	143	197	0
15	489	564	678	780	911	1004	1017	0
238	857	0
774	0
706	0
324	622	0
176	200	227	411	635	0
600	0
48	72	123	143	193	278	369	869	0
0
15	161	432	788	868	967	0
8	526	932	0
0
208	362	819	0
481	562	893	939	1014	0
106	494	561	816	959	0
0
181	326	543	548	734	989	0
409	0
97	210	216	237	990	0
151	613	748	815	896	0
173	756	0
33	259	374	831	1008	0
520	656	816	964	0
55	299	688	935	0
378	816	984	0
260	641	839	997	0
77	516	0
151	521	651	813	0
148	544	599	887	896	0
44	322	761	971	0
343	371	540	541	629	655	0
73	426	661	0
65	361	362	432	448	484	925	931	0
462	590	801	0
82	144	318	510	0
251	0
507	0
523	609	0
132	268	270	754	899	0
127	155	331	373	621	935	0
161	340	352	0
324	374	413	742	1001	0
53	124	133	380	581	830	0
43	240	276	662	715	0
0
0
213	220	860	970	985	0
83	108	464	522	813	959	0
297	526	666	0
132	611	0
50	639	0
17	132	576	701	0
100	175	189	279	287	554	730	0
54	425	901	1011	0
201	332	512	640	649	0
186	369	0
273	281	773	799	0
268	412	481	0
80	170	187	422	503	643	746	748	754	940	997	0
719	1009	0
218	756	758	0
230	585	826	0
152	219	319	383	531	613	0
460	597	629	763	0
208	263	274	495	844	874	0
17	299	530	567	610	869	0
3	749	993	0
64	242	664	770	795	954	0
323	862	991	0
89	249	419	425	517	625	663	0
247	527	686	0
863	0
84	192	0
41	58	172	459	587	742	0
354	527	552	714	740	767	848	957	0
6	856	0
107	158	235	0
46	55	617	854	0
75	182	404	458	630	818	989	0
48	721	814	833	0
271	441	464	824	0
125	465	578	611	691	829	0
626	788	0
151	495	522	0
295	313	443	516	725	959	0
849	954	964	1023	0
90	161	304	0
553	0
255	732	948	979	0
45	183	279	466	487	0
292	399	880	0
437	598	778	952	0
448	602	725	829	842	0
78	290	427	573	689	941	992	0
105	0
606	935	1001	0
754	0
60	0
8	110	167	482	500	753	0
121	150	360	714	736	0
77	173	705	1017	0
112	528	602	884	0
214	511	847	0
237	575	734	0
209	707	787	801	0
60	729	0
290	910	957	0
531	578	846	854	0
22	77	156	385	570	800	916	0
55	84	491	536	907	0
153	425	494	497	842	0
683	887	954	0
83	88	140	164	873	0
455	534	579	960	0
591	0
202	617	0
275	490	615	746	912	0
72	318	368	481	543	731	983	0
326	491	504	596	0
414	0
444	484	0
145	462	471	0
475	681	802	0
300	408	797	0
17	362	369	455	479	0
860	0
474	798	0
295	812	1007	0
52	0
71	799	0
327	457	548	938	0
51	990	0
249	411	490	942	988	0
314	670	714	0
47	116	304	319	684	920	939	0
258	319	513	659	0
265	682	834	0
234	327	453	709	0
16	19	264	618	979	982	0
378	445	818	961	0
54	532	571	0
249	641	0
274	372	392	814	905	1018	0
629	811	0
475	830	903	0
84	92	0
9	155	285	846	0
111	146	453	937	0
71	91	335	803	0
113	239	248	0
122	158	0
201	269	372	383	0
443	0
30	65	162	187	199	204	599	731	0
79	113	850	934	978	0
386	0
82	286	292	0
255	294	529	648	801	1016	0
551	0
120	536	652	880	0
171	533	746	0
447	685	738	879	984	0
378	721	740	854	0
137	0
92	284	761	0
453	529	0
85	176	335	437	457	622	647	681	0
100	362	417	591	786	0
92	114	213	950	0
0
32	405	410	471	479	0
107	187	534	607	0
428	516	907	916	932	0
536	627	710	771	0
344	375	392	0
76	887	0
37	133	892	917	0
126	435	632	640	996	0
189	426	443	477	835	901	0
182	449	512	769	872	0
30	211	271	314	735	783	946	0
114	323	360	653	746	837	0
600	0
442	665	701	815	817	0
125	394	636	933	0
4	159	165	304	1004	0
564	651	0
455	510	728	852	0
647	754	830	0
183	486	541	0
42	310	414	537	709	809	1005	0
3	509	541	859	0
121	232	253	374	406	622	710	0
0
589	621	876	0
38	44	49	207	0
444	0
1013	0
173	197	524	606	664	708	729	777	0
515	775	865	0
26	519	567	606	0
242	284	332	391	614	753	0
295	0
827	0
954	0
190	327	416	436	457	646	749	868	905	0
57	586	606	644	736	958	0
0
32	384	568	608	0
38	246	546	952	0
217	608	0
426	0
511	879	0
57	175	450	577	712	886	0
26	255	321	772	0
264	611	0
128	177	313	468	780	0
298	513	0
351	881	0
160	471	622	787	858	898	0
783	0
36	425	535	727	0
615	0
721	0
239	762	853	905	0
126	604	910	0
48	348	483	550	0
83	222	747	0
0
746	0
639	854	949	0
881	0
453	508	548	764	917	973	0
116	197	855	930	998	0
69	0
155	226	501	728	768	0
76	333	0
23	227	328	468	852	969	0
521	715	0
314	326	510	546	652	767	0
495	557	630	0
28	243	0
512	800	0
21	468	796	0
251	935	984	0
147	0
37	503	0
66	346	406	615	990	0
37	159	269	283	339	370	535	791	1008	0
5	312	497	516	671	888	0
217	434	487	512	535	674	0
54	72	532	604	677	0
356	471	656	790	0
320	323	491	495	543	581	652	705	0
323	450	670	941	0
163	189	434	696	0
191	209	428	0
87	363	369	440	944	967	0
65	135	242	414	479	808	0
69	232	500	885	981	983	0
186	298	494	806	838	0
50	349	376	497	535	738	0
142	228	0
19	148	287	320	427	505	530	691	0
518	675	0
255	537	575	595	831	883	914	0
40	74	160	627	690	930	0
7	140	200	330	567	731	0
246	263	428	562	570	572	991	0
453	509	731	0
158	424	626	687	0
140	560	877	887	0
826	0
883	0
258	277	293	484	878	964	0
34	0
441	628	1017	1020	0
228	429	878	0
440	609	820	0
300	751	1009	0
65	276	0
629	640	986	0
102	517	590	692	736	0
88	541	569	813	945	0
319	941	0
206	379	528	627	0
176	201	684	986	1022	0
299	427	726	870	0
847	854	0
157	353	356	483	729	1014	0
3	808	887	0
323	455	573	908	976	0
289	327	523	0
0
92	203	640	658	0
258	410	518	0
245	329	612	898	0
41	59	506	851	854	947	961	0
49	225	518	655	694	0
309	351	404	504	650	836	0
4	36	144	622	943	0
67	207	505	633	0
98	149	354	702	975	1005	0
34	845	0
15	735	785	0
181	539	772	0
116	316	447	625	655	710	778	836	845	994	0
96	165	166	305	488	781	0
407	623	0
442	549	901	977	0
767	0
173	405	739	0
71	262	594	673	928	0
4	76	86	543	985	996	0
185	433	520	616	1020	0
619	0
102	208	337	998	0
21	178	258	747	999	0
28	131	241	406	903	0
406	543	0
2	117	557	753	0
414	435	555	613	0
319	835	0
235	349	932	0
88	392	452	727	941	0
118	162	192	660	943	0
316	341	480	612	1015	0
145	0
542	742	0
20	72	140	352	819	954	0
132	448	822	825	951	987	1005	0
96	131	257	281	709	760	935	0
226	638	707	954	1017	0
283	766	779	0
100	268	328	519	0
304	813	821	0
96	267	649	904	0
340	807	943	1011	0
83	327	543	761	1013	0
91	234	576	659	723	819	838	932	0
183	797	0
368	513	0
82	531	913	0
447	898	949	0
25	345	724	952	1012	0
211	248	300	561	0
28	309	984	0
11	516	0
362	474	567	576	905	981	0
906	0
167	256	437	767	844	891	0
462	471	586	958	0
516	955	985	0
329	601	726	857	0
181	329	365	944	0
23	93	122	367	692	866	0
53	433	508	884	935	0
230	340	538	690	753	772	896	0
33	267	304	537	897	996	0
107	383	657	720	914	0
248	521	839	0
180	338	1019	0
53	324	380	439	654	773	0
247	429	548	986	0
331	664	1000	0
225	890	0
156	243	496	813	907	922	989	1006	0
51	292	402	0
59	332	461	656	720	0
724	780	0
134	166	471	0
110	443	0
111	682	0
7	18	82	140	449	455	0
270	455	914	930	0
246	431	0
12	103	120	0
78	251	580	0
132	141	236	413	503	0
6	293	516	533	0
194	399	860	0
141	0
255	500	532	781	814	922	958	0
180	202	369	580	0
35	415	558	720	871	887	1023	0
7	182	193	510	732	0
274	416	702	0
181	571	587	643	792	879	904	0
0
695	0
76	78	83	99	678	948	968	0
223	429	472	561	682	1024	0
115	143	249	272	382	606	0
20	193	641	802	832	872	0
166	323	680	0
41	246	848	873	885	0
295	432	485	805	902	0
68	263	400	831	0
123	728	0
104	845	0
350	636	938	0
59	98	778	891	0
230	393	525	716	1011	0
116	878	981	0
99	639	757	892	0
154	0
152	416	615	633	659	752	877	880	0
71	190	291	328	484	900	0
78	350	0
457	622	654	979	0
219	253	754	899	930	0
63	157	382	437	562	595	632	0
144	386	661	985	0
329	512	687	845	0
251	532	0
19	72	427	0
570	633	822	0
178	209	323	367	507	0
31	475	488	978	0
37	165	289	321	326	341	557	805	0
66	256	268	938	0
308	785	0
51	63	198	282	394	496	512	594	0
72	100	256	333	577	0
456	0
218	378	780	0
58	89	989	0
40	262	315	517	850	987	0
192	193	227	245	839	0
435	495	857	0
144	702	966	0
89	254	411	431	506	540	636	686	957	0
278	316	320	341	0
22	111	160	185	220	425	807	896	951	0
58	108	385	402	421	540	686	0
65	68	255	275	665	807	1020	1022	0
76	244	455	477	572	709	792	894	0
245	415	594	861	900	960	0
829	834	911	0
524	878	975	0
181	394	680	0
251	564	626	914	974	0
286	400	566	679	795	0
141	246	276	339	527	616	816	0
18	275	418	641	0
21	165	244	335	614	0
165	487	854	1015	0
185	269	385	0
367	444	725	861	906	0
69	309	534	573	606	0
5	476	781	864	0
865	0
67	488	538	912	0
460	589	643	1005	0
333	517	0
154	192	0
350	548	733	0
738	850	878	1001	0
366	914	0
292	675	0
497	569	796	0
532	607	827	0
172	198	346	0
172	388	601	885	950	0
82	251	892	1018	0
308	414	745	886	1016	0
561	837	0
198	500	874	994	0
155	161	239	273	338	429	705	1013	0
422	507	548	648	824	880	0
32	231	251	265	273	274	342	515	690	1012	0
101	450	909	0
86	120	207	521	824	862	983	0
14	31	204	235	334	539	542	0
834	983	0
633	932	0
147	303	939	0
