1024
5	223	457	655	663	1013	0
124	329	424	444	868	0
149	360	461	614	739	794	838	0
306	638	733	848	861	886	0
1	442	509	534	608	650	797	998	1000	0
51	623	871	927	969	0
22	25	42	109	139	154	245	268	319	423	437	815	844	921	933	1008	0
40	92	258	292	360	370	558	646	892	987	0
158	184	220	243	395	483	689	694	839	840	0
56	131	199	495	647	0
163	180	193	303	398	531	895	0
351	458	463	582	695	722	855	924	973	0
33	212	290	335	394	890	0
36	286	469	881	1021	0
450	454	548	557	595	622	852	870	889	0
259	331	605	610	686	996	0
32	599	611	613	649	672	1010	0
237	271	354	407	497	692	921	992	1010	0
225	286	392	638	686	706	725	742	811	833	963	988	0
121	406	467	480	824	877	941	0
102	292	314	791	865	993	0
7	73	206	207	211	226	373	656	839	981	0
485	614	785	882	903	0
116	265	348	698	738	868	0
7	230	685	777	892	894	911	0
61	66	225	448	582	645	748	762	936	0
74	146	168	321	324	448	497	509	606	0
232	261	784	789	866	894	0
121	210	491	540	670	732	757	790	828	999	0
35	98	172	588	701	728	784	854	0
128	217	386	429	430	556	675	704	966	1021	0
17	150	258	274	521	718	756	805	1009	1015	1018	0
13	274	355	467	569	906	984	0
214	461	598	823	851	871	930	1003	0
30	186	237	303	932	0
14	217	260	329	359	472	535	554	769	848	0
262	461	507	724	794	796	934	967	0
204	352	357	359	371	743	744	757	836	851	890	1012	0
89	154	314	348	365	527	536	841	0
8	814	975	0
122	139	237	621	845	943	0
7	59	93	117	203	215	228	301	404	471	512	738	769	813	0
47	62	74	80	192	199	514	591	639	693	730	903	997	0
90	101	263	285	306	551	577	677	704	713	743	878	944	0
115	384	399	424	618	637	0
51	520	533	625	725	753	0
43	91	110	219	492	682	894	0
110	178	555	627	697	707	760	774	879	971	1020	0
58	701	743	846	0
129	134	183	239	266	284	582	598	634	738	809	0
6	46	132	149	292	355	544	569	679	803	915	959	970	0
56	249	374	506	514	676	987	0
67	126	137	244	246	254	371	400	456	481	590	904	910	0
373	431	511	601	688	799	924	0
294	316	357	452	571	625	657	798	0
10	52	159	188	206	274	280	284	302	348	392	395	421	0
79	478	754	760	761	0
49	288	396	410	621	974	982	0
42	66	87	291	399	845	916	949	990	0
151	223	370	635	645	653	776	871	0
26	66	322	386	398	473	532	950	0
43	236	258	277	407	416	594	610	667	0
109	292	500	553	734	959	970	0
197	418	489	615	0
274	392	580	701	806	828	968	983	0
26	59	61	139	158	198	399	795	968	0
53	174	220	223	348	386	703	849	1000	0
920	945	983	1008	0
236	270	426	479	782	791	807	997	0
219	342	385	484	631	655	0
119	153	167	188	402	677	696	860	955	0
130	183	256	331	374	409	555	589	661	665	799	877	963	971	0
22	77	233	265	358	579	746	0
27	43	82	345	461	578	814	0
187	192	253	437	438	626	727	867	0
293	406	495	510	668	723	784	861	938	984	0
73	81	114	281	574	648	656	0
139	273	287	316	347	518	641	734	843	907	925	938	956	0
57	224	364	414	675	702	729	845	870	0
43	99	387	428	606	659	757	865	0
77	179	368	452	951	0
74	204	208	422	547	582	627	676	704	890	921	1012	0
126	259	422	595	660	721	775	842	880	886	936	938	0
91	197	204	305	496	508	620	657	693	731	918	1023	0
135	365	420	523	714	860	0
184	210	517	861	1020	0
59	340	442	534	554	739	786	791	805	807	858	881	0
101	191	255	318	406	660	831	872	930	0
39	123	142	209	617	974	979	0
44	135	634	999	1019	0
47	84	214	524	644	696	734	844	887	922	0
8	160	228	318	323	355	364	469	693	712	716	842	0
42	346	544	903	908	932	0
106	331	388	418	641	0
102	467	1024	0
115	348	855	879	884	0
471	473	566	580	0
30	101	535	712	850	949	0
80	261	447	544	727	847	938	952	0
136	326	372	600	615	715	817	882	971	0
44	88	98	191	212	502	509	1019	0
21	95	170	512	664	830	864	0
196	264	272	278	528	924	0
257	391	947	964	0
257	419	431	642	816	0
94	242	357	519	562	0
142	247	414	624	719	907	1015	0
377	595	612	666	817	930	982	0
7	63	298	389	393	472	899	0
47	48	276	517	646	919	0
254	349	509	625	695	920	981	0
119	302	381	540	649	890	0
373	496	518	697	702	841	0
77	148	190	298	716	729	849	0
45	96	199	251	282	297	444	729	816	915	940	0
24	323	376	399	615	682	781	854	951	1013	0
42	253	315	402	517	725	868	903	988	0
262	268	296	442	460	858	873	0
71	112	241	298	381	868	0
234	274	694	707	924	958	1020	0
20	29	177	257	416	647	705	740	981	0
41	193	195	272	415	698	762	819	894	903	0
89	138	485	555	630	638	946	0
2	227	513	590	618	629	810	0
232	437	629	732	733	0
53	83	146	324	418	508	593	715	725	773	796	0
129	146	587	748	978	0
31	224	284	511	764	864	925	945	976	1014	0
50	127	316	323	748	977	0
72	279	322	0
10	300	866	868	879	939	0
51	208	215	434	586	597	599	878	921	926	0
136	189	289	328	380	533	579	590	626	724	0
50	256	313	345	578	918	950	0
85	90	166	267	312	512	762	806	842	867	0
100	133	169	206	215	517	648	777	0
53	194	304	377	609	711	716	832	0
123	172	185	366	367	454	534	764	788	935	998	0
7	41	66	78	264	433	465	622	687	728	0
300	660	815	819	877	921	0
199	229	391	430	926	929	991	1012	0
89	107	242	273	380	453	810	0
200	235	267	341	344	475	547	555	561	581	835	940	970	0
181	198	265	292	582	612	830	848	960	978	0
565	669	702	875	0
27	126	127	177	324	367	695	727	860	0
234	344	554	630	690	764	793	954	1024	0
114	304	351	401	473	496	516	576	811	912	1011	0
3	51	186	211	475	845	850	889	0
32	291	307	440	647	787	902	0
60	236	324	387	405	498	567	575	631	0
197	220	267	610	954	989	1023	0
71	185	371	472	658	706	0
7	39	202	691	846	953	971	975	1003	0
160	296	353	380	587	694	783	1016	0
286	479	490	656	900	914	0
263	276	339	837	858	959	0
9	66	162	285	315	344	455	540	624	698	818	0
56	180	249	432	466	733	796	0
92	155	215	341	367	767	814	828	981	0
172	264	315	536	557	588	634	804	1016	0
158	215	274	409	505	551	701	804	873	963	0
11	219	474	641	705	803	915	925	0
268	280	378	412	494	535	595	660	795	0
220	253	257	733	855	888	967	993	994	0
135	269	295	380	419	545	583	855	918	942	0
71	306	315	318	332	388	402	646	709	898	0
27	195	228	280	340	342	1018	0
136	206	368	413	427	486	701	733	0
102	202	238	317	358	606	873	0
361	371	379	383	708	830	968	0
30	138	161	225	235	389	419	621	919	942	1010	1011	0
239	472	535	568	648	662	746	851	859	0
67	723	792	0
193	265	431	452	465	600	633	761	0
183	247	330	398	553	674	714	792	834	0
121	146	392	511	647	764	813	956	0
48	217	317	700	865	911	914	965	0
81	268	301	683	795	0
11	159	271	339	367	400	662	673	909	931	0
144	261	341	371	564	606	719	853	902	908	935	944	988	0
319	411	460	626	727	861	933	0
50	72	176	191	453	470	491	507	637	737	888	956	0
9	86	230	462	473	813	877	976	0
138	153	313	654	692	862	981	995	0
35	149	222	345	378	546	603	622	808	0
75	202	299	393	481	485	606	701	719	742	0
56	71	314	651	900	0
133	574	600	719	726	798	803	0
114	197	215	753	955	0
88	101	183	341	804	816	906	0
43	75	590	620	873	976	1003	1004	0
11	122	175	225	234	277	483	555	567	933	941	976	0
137	352	863	928	0
122	168	249	255	344	431	659	668	682	908	0
103	203	528	800	0
64	84	152	190	355	442	547	746	781	789	0
66	144	208	332	510	695	795	970	999	1010	1015	0
10	43	115	141	327	701	886	987	0
143	404	553	815	956	0
202	239	403	439	466	538	602	699	834	876	0
154	170	187	201	323	357	492	663	931	0
42	196	274	306	384	388	668	842	0
38	82	84	244	417	433	575	701	883	1021	0
359	586	640	0
22	56	136	169	354	395	520	621	630	833	869	0
22	236	358	567	666	743	788	849	1020	0
82	132	198	277	346	397	403	560	612	812	818	864	881	892	951	0
89	308	342	492	652	670	710	804	965	0
29	86	273	359	566	701	0
22	149	270	302	470	728	893	0
13	101	353	480	582	650	0
285	346	478	594	607	716	802	0
34	91	489	587	650	683	0
42	132	136	160	162	190	314	747	0
225	298	566	845	0
31	36	178	758	780	798	0
608	696	780	973	0
47	70	163	394	610	958	0
9	67	152	165	423	594	851	942	955	981	0
311	360	448	598	696	825	910	0
186	248	488	775	833	848	0
1	60	67	360	939	0
79	128	444	602	700	743	0
19	26	172	193	216	484	846	850	913	985	1004	0
22	235	289	312	393	783	880	931	0
124	256	400	461	478	553	573	785	818	976	0
42	92	168	249	709	810	825	0
141	257	271	483	637	641	0
25	184	280	327	384	609	881	905	950	1024	0
414	446	472	486	848	971	1018	0
28	125	290	442	674	740	773	807	972	0
73	285	360	481	486	0
120	147	193	251	282	361	424	521	575	685	887	898	975	0
143	172	226	497	624	871	909	1021	0
62	69	151	207	242	606	701	926	0
18	35	41	244	246	301	566	616	651	915	0
170	277	513	549	0
50	173	201	325	379	412	496	555	697	772	816	836	1016	0
243	354	397	410	591	0
119	352	406	539	762	866	0
106	142	236	507	615	684	749	806	0
9	240	388	415	423	430	534	789	914	0
53	204	237	260	378	511	984	993	0
7	274	355	389	454	480	498	503	520	562	844	976	985	0
53	237	420	522	757	816	869	923	943	991	0
107	176	253	533	618	655	704	911	0
222	345	416	417	530	697	893	897	908	0
52	159	195	228	255	412	540	569	617	680	689	815	940	0
278	335	497	540	576	968	0
115	234	372	496	522	583	644	792	872	925	962	989	1012	1018	0
301	537	885	0
75	117	165	247	364	381	519	535	740	825	924	958	0
53	111	374	686	979	0
88	195	249	432	441	457	618	636	705	762	763	785	813	930	983	0
72	134	227	281	330	434	485	607	751	898	968	971	0
104	105	121	165	229	465	498	517	795	879	0
8	32	62	283	511	519	622	683	780	822	843	865	0
16	83	323	528	569	0
36	244	269	344	427	481	573	574	750	790	0
28	99	181	409	707	0
37	118	265	602	806	860	975	0
44	157	346	389	511	514	612	814	816	911	945	0
103	139	161	682	686	725	763	930	952	0
24	73	144	175	262	358	592	684	755	1018	0
50	282	373	413	471	671	815	881	0
135	143	152	270	306	379	544	578	718	773	884	906	0
7	118	164	179	395	455	574	586	605	759	882	904	968	0
166	260	456	465	468	699	796	850	912	995	0
69	211	267	393	431	491	546	586	685	688	922	0
18	180	229	295	324	628	676	728	0
103	122	417	705	815	940	0
78	142	210	292	306	318	388	604	633	680	897	1016	1018	0
32	33	56	65	120	162	203	245	412	595	612	690	834	934	986	1018	0
324	359	482	490	650	664	983	992	0
110	157	530	591	808	824	828	988	991	0
62	193	208	238	316	390	484	822	1019	0
103	250	378	541	555	980	0
130	359	378	458	577	600	637	803	0
56	164	168	230	296	307	384	453	662	737	0
77	256	290	392	604	879	969	0
115	234	266	283	446	467	522	569	970	0
258	282	370	387	520	796	881	0
50	56	128	314	444	712	749	0
44	158	213	233	335	587	691	694	861	0
14	19	156	431	704	791	973	990	0
78	486	600	710	811	0
58	570	641	833	881	0
133	226	318	399	403	507	522	558	840	952	967	0
13	232	281	318	350	641	646	654	0
59	150	432	450	543	621	752	955	0
8	21	51	63	144	273	356	453	638	704	750	915	1007	0
76	348	443	497	515	822	917	927	971	0
55	320	323	505	665	671	705	835	973	0
166	271	324	632	675	750	944	978	0
118	155	280	339	417	449	562	0
115	438	596	0
109	114	119	216	765	808	869	0
187	482	571	613	835	978	0
131	140	493	588	671	740	827	893	0
42	179	237	252	551	0
56	112	211	831	1004	0
11	35	353	422	724	839	1024	0
137	148	572	634	682	733	883	906	969	0
84	351	855	0
4	44	167	203	267	273	477	640	0
150	280	408	796	884	890	906	921	1015	0
209	352	969	1013	0
377	847	894	997	0
356	464	486	738	923	0
221	327	415	472	655	0
135	226	422	447	471	597	797	824	972	0
134	185	445	632	764	0
21	39	188	215	284	331	582	681	702	726	728	787	0
117	158	161	167	605	784	950	975	0
55	78	129	277	385	756	854	874	980	0
170	178	372	747	978	0
88	92	167	273	289	290	336	423	482	536	582	665	721	0
7	182	333	339	348	489	610	682	683	832	864	870	879	0
294	394	399	539	801	811	980	0
27	702	762	967	0
61	130	490	577	787	873	924	0
92	116	129	202	259	294	502	616	719	729	801	802	839	942	965	0
27	126	146	151	271	275	295	327	352	411	508	552	589	613	907	910	983	0
239	395	467	747	882	971	0
100	420	497	512	564	653	666	787	888	967	0
199	230	311	324	383	417	474	613	678	685	753	840	886	0
133	606	684	785	882	955	997	0
2	36	462	500	844	861	901	902	961	0
176	256	394	445	639	815	957	0
16	72	94	314	587	912	0
167	198	414	493	586	602	749	798	916	0
319	528	784	895	971	1002	0
336	466	539	824	833	1021	0
13	250	285	347	696	714	993	0
318	334	545	575	821	940	0
506	659	864	962	0
365	390	909	1016	0
157	180	296	319	410	503	514	712	796	845	955	991	0
87	168	374	588	885	894	905	0
143	160	181	191	543	874	967	980	1003	1016	0
70	168	209	520	824	881	894	1018	0
406	578	788	827	0
143	147	158	195	260	488	722	0
74	134	186	248	657	748	796	892	0
93	208	213	263	450	487	538	795	1010	0
78	335	384	466	526	879	0
24	39	56	67	96	293	319	525	774	0
111	384	423	659	710	809	871	961	0
290	358	369	948	956	1004	0
12	148	305	353	428	557	697	711	755	766	847	0
38	194	241	308	324	358	454	485	523	581	588	877	0
155	212	303	351	371	477	738	752	791	837	848	0
18	206	240	622	850	0
33	51	92	197	245	401	566	876	0
292	310	428	602	606	685	699	800	837	0
38	55	106	202	525	614	745	775	0
73	170	207	265	350	352	371	411	433	547	607	669	0
36	38	205	210	275	279	368	755	757	766	942	0
3	8	221	223	233	373	442	538	596	617	647	729	0
171	234	428	449	503	506	539	565	580	811	996	0
420	435	451	560	580	650	672	715	869	896	0
424	802	805	0
79	92	253	723	0
39	85	338	377	634	830	900	902	0
138	572	680	703	719	812	867	1006	0
138	146	160	180	485	608	651	661	699	903	965	996	0
81	169	359	383	396	415	449	471	665	889	947	0
350	498	555	603	672	783	805	881	918	931	995	0
8	60	283	385	405	758	796	860	0
38	53	153	171	181	353	358	498	521	578	957	1013	0
100	251	317	381	574	690	699	0
22	54	113	266	360	519	587	0
52	72	254	340	394	422	519	548	555	569	589	740	0
503	722	730	912	0
116	809	0
108	137	309	365	499	501	687	784	885	0
164	186	244	278	279	403	426	468	497	572	687	710	969	973	0
171	239	267	504	516	579	833	0
133	142	155	166	590	910	0
112	119	253	372	456	471	744	813	0
427	519	940	959	0
171	327	368	610	699	907	0
45	203	230	280	347	349	433	449	683	756	0
70	316	370	504	656	982	995	997	0
31	61	67	422	556	673	703	949	960	0
80	151	283	424	0
94	167	203	243	273	469	1011	0
109	172	245	263	402	519	709	711	0
277	338	477	541	741	0
104	141	494	505	749	900	0
19	56	65	177	281	497	690	722	872	937	0
109	187	226	270	420	450	511	553	681	683	782	877	950	0
13	219	320	330	374	732	970	988	0
9	56	206	268	325	495	860	1013	0
58	368	533	760	807	0
208	240	420	548	759	804	0
11	61	176	687	0
45	59	66	116	289	320	458	624	638	751	928	0
53	180	227	416	447	560	716	945	990	0
148	355	477	486	636	696	786	919	977	0
71	117	167	389	915	951	982	0
201	208	289	378	470	573	1013	0
42	200	626	847	849	1006	0
151	370	408	591	718	791	859	906	0
20	76	88	241	343	479	740	795	866	867	0
18	62	441	618	744	760	856	950	0
307	405	443	671	0
72	162	261	428	445	565	751	935	975	0
58	240	339	718	843	852	0
182	324	358	553	680	979	0
164	239	249	274	605	660	794	945	0
169	266	508	514	589	671	743	915	926	0
79	107	231	332	484	542	572	667	738	786	806	818	869	1013	0
122	243	311	368	501	746	830	932	985	0
62	121	248	400	512	698	753	934	954	0
204	248	272	296	327	553	715	771	924	953	977	0
64	94	126	591	644	888	992	0
105	166	172	536	617	682	786	852	894	0
85	246	326	362	393	397	522	728	736	906	0
56	463	660	828	877	982	0
82	83	303	312	374	386	512	533	606	692	994	1017	0
7	220	243	318	349	437	518	654	0
2	45	234	363	387	804	818	922	0
596	601	617	658	734	769	878	981	989	0
69	378	436	579	722	726	759	0
169	260	382	517	582	641	726	811	835	963	985	0
80	351	356	361	409	456	699	720	758	804	816	981	0
31	825	911	939	1016	0
31	141	243	832	0
54	105	175	195	270	286	435	496	923	979	0
159	255	291	557	574	580	792	944	0
139	204	358	384	509	548	760	862	904	0
132	256	575	798	803	985	0
362	431	543	725	869	977	1010	0
426	469	753	826	0
7	75	125	423	470	585	611	639	689	714	898	959	0
75	297	579	769	818	0
201	473	855	910	0
150	459	606	629	713	805	826	909	973	0
255	407	628	824	0
5	87	118	197	232	360	444	564	731	857	884	0
293	408	467	632	700	726	919	0
2	115	224	284	442	509	668	744	850	996	0
313	330	409	466	508	601	687	0
231	282	468	475	930	0
99	312	400	674	709	842	854	891	0
26	27	221	515	526	580	587	640	725	795	878	0
296	361	368	384	678	727	921	999	0
15	291	346	393	562	620	761	802	985	1019	0
362	538	673	881	0
55	81	175	455	589	715	868	872	1011	0
142	183	280	292	547	685	695	713	720	780	817	887	0
15	138	245	352	458	596	804	882	1016	0
158	268	452	661	672	735	839	921	922	949	979	984	0
53	269	381	428	538	972	0
1	255	678	714	753	957	977	0
12	279	399	454	489	626	976	0
440	486	492	621	756	0
118	182	477	545	558	604	611	659	1001	0
3	34	37	74	227	916	0
184	329	581	590	669	763	899	0
12	421	506	757	0
310	595	628	872	0
139	175	257	269	629	716	0
159	201	334	347	445	500	637	813	0
20	33	95	282	325	443	770	972	0
269	378	446	492	732	737	764	785	791	1010	0
14	92	388	436	996	0
183	211	403	437	735	0
42	97	266	312	368	381	597	669	718	767	797	800	899	918	0
36	109	153	173	231	311	688	721	939	0
61	97	148	184	439	0
163	327	674	806	896	0
143	149	446	648	670	692	873	966	0
646	998	0
306	353	390	401	460	532	638	726	984	0
57	213	227	751	1004	0
69	156	406	657	672	718	806	0
20	212	245	874	0
53	187	233	260	561	605	619	665	0
275	299	318	568	646	660	0
9	193	229	677	774	837	969	0
70	225	277	414	580	668	822	838	955	0
23	123	187	256	352	367	495	944	0
169	231	233	287	310	401	459	737	790	0
346	611	637	703	798	799	883	994	0
222	344	576	846	855	966	1000	0
64	214	319	458	548	856	1012	0
156	275	322	493	664	680	954	0
29	183	270	657	666	675	801	829	0
47	202	209	459	468	592	991	1023	0
300	332	490	527	530	701	791	797	940	0
164	391	562	658	696	808	1007	0
10	76	395	485	604	612	616	631	748	788	801	860	884	977	0
84	113	148	239	251	431	618	820	914	970	979	0
18	27	235	250	293	326	378	392	515	658	797	809	1008	0
151	245	257	369	371	598	689	0
377	0
63	329	466	512	646	807	930	1015	0
377	415	504	783	0
101	323	935	0
245	339	361	375	530	606	794	828	894	926	1001	0
379	385	501	666	847	932	0
162	294	391	632	811	849	0
52	337	361	463	681	845	852	913	979	0
37	183	242	289	584	924	965	1017	0
84	126	324	413	445	591	730	780	805	904	0
5	27	101	111	433	444	564	739	817	0
76	198	582	735	787	933	948	0
54	128	177	244	258	263	393	535	541	621	650	760	0
42	102	135	326	416	422	500	529	602	660	727	790	798	961	970	0
124	238	644	683	765	793	846	889	0
43	52	263	339	413	805	908	0
293	448	497	553	747	753	881	890	1018	0
148	379	574	632	660	720	797	895	900	927	0
86	110	117	136	257	427	617	801	830	975	1002	0
78	113	423	565	812	837	843	846	953	0
106	253	258	373	374	382	389	748	882	906	0
46	206	245	283	342	570	670	862	919	1003	0
32	234	371	571	575	702	786	877	908	1020	0
246	251	282	289	420	595	631	854	0
85	352	585	648	681	788	840	0
91	533	536	746	987	0
348	357	950	0
347	448	558	596	0
39	493	618	622	963	965	991	0
103	196	259	333	560	631	649	833	0
512	705	713	894	0
248	276	493	503	613	811	0
11	610	655	760	890	891	0
61	477	688	751	799	930	962	1009	0
46	133	247	396	422	524	708	736	927	0
5	87	138	243	661	671	719	831	997	0
36	98	164	173	253	511	769	796	798	809	0
39	161	318	419	524	657	707	721	951	1001	0
252	597	738	813	860	906	924	928	0
201	346	360	451	456	543	795	895	905	1000	0
241	320	334	361	764	853	1021	0
29	112	158	249	250	578	590	979	982	0
278	390	511	555	578	737	739	831	868	0
414	876	923	1021	0
291	341	435	538	562	564	665	693	801	824	861	867	886	0
51	93	99	267	576	0
166	336	460	790	857	953	0
186	270	757	787	0
82	143	197	358	453	565	931	0
15	374	397	433	489	564	678	780	911	1004	1017	1018	0
238	611	857	933	0
657	774	0
44	162	301	706	0
324	622	816	873	0
63	176	200	227	393	411	417	515	590	635	713	0
36	87	147	600	652	0
48	72	123	143	193	239	278	369	374	541	675	869	0
31	386	872	0
15	161	351	432	602	788	868	967	981	0
8	289	460	526	665	890	932	0
700	878	956	0
208	362	400	528	819	825	932	0
143	481	562	581	690	883	893	939	1014	0
106	245	296	450	494	543	561	816	854	959	0
674	740	0
181	326	442	509	543	548	581	700	734	750	763	964	989	0
145	361	409	518	547	933	971	974	0
97	210	216	237	355	629	990	1021	0
151	193	207	583	613	748	815	896	0
173	482	577	579	650	685	756	810	974	0
33	51	249	259	282	374	831	1008	0
288	520	656	683	816	964	0
55	299	521	688	935	991	0
304	366	378	414	816	842	965	984	1018	0
227	260	403	580	605	641	839	997	0
77	189	260	268	372	432	516	725	814	0
151	204	234	336	434	521	651	652	813	854	904	0
148	250	488	544	599	887	896	943	993	0
44	279	322	568	626	761	971	993	0
74	134	267	343	371	540	541	629	655	752	897	0
73	133	379	426	438	568	611	661	0
65	97	361	362	432	448	484	573	768	801	913	925	931	0
143	352	462	561	564	590	715	801	965	0
12	26	50	82	144	212	314	318	427	510	0
166	251	567	764	826	937	0
507	810	0
437	523	603	609	796	912	0
132	205	268	270	332	588	592	717	754	771	843	899	950	982	992	0
127	155	214	285	331	373	448	621	811	935	0
30	161	300	340	352	586	0
72	324	374	413	452	626	642	742	1001	0
53	124	133	192	380	462	540	553	581	653	666	830	949	0
43	240	276	405	418	508	662	715	719	809	847	866	912	0
265	492	586	604	608	695	922	0
126	735	758	0
62	213	220	730	838	860	970	985	0
15	83	108	164	274	464	522	670	813	959	0
297	360	425	454	526	666	838	844	859	0
132	312	471	537	611	615	758	0
34	50	221	498	639	779	0
17	132	576	610	701	808	835	975	0
100	175	189	279	287	554	730	0
54	425	445	732	901	1011	0
201	224	262	332	356	512	557	640	649	785	0
186	369	585	693	719	830	0
273	281	460	495	592	773	799	0
16	268	315	412	481	573	732	0
27	80	170	181	187	236	328	356	422	440	503	643	746	748	754	838	908	940	997	0
213	256	358	719	1009	1022	0
5	218	367	592	756	758	0
137	230	585	784	826	0
16	62	152	219	319	383	531	599	613	0
17	437	460	487	549	579	597	629	763	909	0
108	144	208	263	274	495	844	874	965	1007	0
17	299	324	327	530	567	610	869	0
3	23	357	635	749	814	993	0
64	100	116	242	597	664	770	795	923	954	0
237	323	495	761	862	871	991	0
89	249	360	419	425	517	625	663	700	934	967	0
45	124	247	255	407	496	527	686	730	781	866	0
481	863	0
84	192	450	657	0
41	58	172	206	291	459	511	587	671	674	701	716	742	788	877	0
15	139	186	258	354	527	552	685	714	740	767	848	907	945	957	0
6	738	742	802	856	0
107	158	235	399	0
46	55	111	617	809	813	854	0
75	133	182	404	458	577	589	630	727	818	935	989	0
48	82	675	721	814	833	0
271	441	464	783	824	1015	0
124	125	440	465	566	578	611	691	829	888	0
123	147	206	626	788	872	973	0
70	151	495	522	528	909	0
295	313	443	505	516	725	958	959	0
175	273	849	954	964	1023	0
50	90	161	304	365	694	803	0
60	553	614	933	0
255	401	707	732	948	979	0
45	183	229	279	466	487	0
4	19	123	292	399	477	880	928	977	0
43	330	437	598	707	778	952	0
205	306	448	602	725	796	810	829	842	968	0
78	94	163	229	288	290	427	573	689	786	941	992	0
105	589	0
606	864	935	993	1001	1022	0
91	251	418	513	653	754	786	0
26	60	691	711	974	0
8	110	167	290	476	482	500	753	0
10	121	150	177	360	714	736	984	0
77	136	173	475	523	670	705	743	859	1017	0
17	112	528	602	793	884	926	945	0
5	212	214	275	362	511	568	663	668	847	1008	0
188	237	367	575	660	734	754	788	0
209	554	575	707	787	801	993	0
60	326	590	644	729	814	0
185	290	423	827	910	957	0
1	70	247	311	531	578	846	854	0
22	77	156	385	570	678	800	916	0
55	84	345	479	491	536	550	620	761	779	907	0
153	425	494	497	842	900	914	986	0
80	195	337	349	460	683	766	887	914	925	954	0
83	88	140	164	412	421	482	512	516	651	873	0
72	367	455	534	579	960	0
173	180	280	591	0
1	202	617	650	779	803	829	848	951	0
102	275	490	615	674	690	746	912	0
72	294	318	368	481	543	558	731	983	0
108	207	326	491	504	590	596	671	698	744	845	0
62	414	679	858	935	0
76	195	203	444	484	650	907	0
145	358	462	471	0
29	209	475	520	595	648	681	802	0
266	294	300	408	413	534	621	666	797	973	0
17	362	369	455	479	827	0
180	386	451	860	892	0
176	232	447	474	563	621	664	798	0
31	79	295	491	555	627	716	812	896	1007	0
52	82	271	714	725	757	0
44	71	483	707	799	891	0
327	449	457	548	656	884	938	0
51	667	784	990	0
249	273	366	411	490	942	988	991	0
314	393	506	523	670	714	926	0
47	116	195	264	304	319	419	684	920	930	939	0
179	214	258	319	384	393	513	570	659	740	0
242	265	328	682	761	834	882	883	0
25	234	270	327	356	453	568	622	709	725	801	843	0
16	19	254	264	618	749	971	979	982	0
139	377	378	398	445	795	818	874	945	961	0
54	270	472	532	571	830	995	0
9	249	437	498	641	829	860	935	1017	0
147	274	372	392	561	664	807	814	905	1018	0
154	285	629	645	811	896	1002	0
18	185	422	475	826	830	903	0
43	84	92	543	603	0
9	120	155	285	634	846	0
12	111	146	198	453	592	937	0
71	91	218	221	335	401	494	803	0
48	113	239	248	351	783	1011	0
24	122	158	416	666	904	0
201	269	356	367	372	383	428	789	885	0
178	224	443	559	564	617	762	898	0
30	49	65	162	169	187	199	204	210	236	493	599	621	731	914	0
79	113	145	314	321	521	850	934	978	989	0
67	366	386	487	0
31	44	82	247	286	292	948	0
121	163	255	272	294	529	648	801	977	1016	0
19	153	551	0
48	120	261	536	636	639	652	677	880	927	0
171	533	746	1021	0
167	228	389	447	685	738	879	962	984	0
209	287	349	378	721	740	854	0
137	351	389	645	866	952	0
92	98	284	339	761	1005	0
44	440	453	529	553	911	0
85	176	335	437	457	622	647	676	681	797	863	0
100	126	362	417	452	581	591	786	841	0
92	114	137	213	400	465	621	675	950	0
586	733	743	886	0
32	267	405	410	471	479	724	0
107	181	187	189	323	366	534	591	603	607	0
428	453	516	907	916	932	993	1024	0
83	318	472	536	627	710	771	868	0
12	344	375	392	426	1018	0
76	174	364	734	764	882	887	968	975	0
37	133	303	718	892	917	993	0
19	46	117	126	264	435	448	574	632	640	676	685	941	996	0
189	314	426	427	443	477	835	901	0
75	99	146	182	449	512	626	769	872	928	0
30	139	211	271	314	420	729	735	783	946	0
79	114	115	323	360	653	728	730	746	837	1009	0
43	375	508	594	600	618	729	734	791	834	0
84	442	665	701	815	817	970	0
29	125	394	468	601	605	636	933	0
4	125	159	165	169	304	717	829	915	929	1004	1010	1024	0
63	78	91	425	564	651	723	730	892	0
455	470	510	593	728	852	0
420	533	647	751	754	779	830	873	0
183	280	468	486	541	995	0
24	42	50	310	353	414	537	623	709	809	1005	0
3	87	509	541	859	908	0
121	232	253	300	374	406	563	622	683	710	818	1012	0
390	743	823	0
19	187	589	621	623	836	876	885	0
38	44	49	207	224	413	648	717	741	0
38	381	407	444	666	749	1007	0
357	1013	0
73	173	197	415	524	606	664	708	729	761	777	0
215	317	325	515	775	865	0
26	127	129	345	495	519	567	606	955	0
242	284	332	391	614	686	744	753	837	843	858	0
260	292	295	564	755	796	823	0
256	399	409	478	532	736	827	0
291	353	578	876	954	0
46	190	327	416	436	457	515	646	749	764	866	868	905	990	1009	0
57	586	606	644	651	736	819	958	0
265	351	359	750	805	818	885	0
32	316	384	459	568	608	0
29	38	80	246	359	463	546	676	952	0
217	370	428	593	597	608	783	786	957	0
268	397	426	849	0
48	57	396	407	433	511	531	879	907	0
57	175	450	577	616	657	684	712	746	767	850	864	886	893	0
26	122	135	241	255	321	700	772	913	914	0
255	264	462	564	611	0
128	138	147	177	313	468	539	583	723	753	780	0
298	513	895	1005	0
351	359	659	820	881	0
160	471	622	761	787	858	898	0
580	783	0
36	42	425	438	535	727	1020	0
467	615	909	916	0
417	586	721	1019	0
239	762	819	831	853	905	0
126	232	267	604	910	0
48	348	483	550	0
83	222	357	747	871	0
60	0
25	136	746	791	0
639	854	949	0
598	657	663	736	881	920	0
217	218	258	453	508	548	764	895	917	923	973	0
116	197	618	791	824	855	857	930	934	998	0
69	393	0
155	226	369	501	628	697	728	758	768	826	840	966	0
28	30	76	315	333	377	609	679	973	0
23	227	255	328	468	602	852	916	952	969	0
87	401	414	419	521	641	644	715	758	0
150	314	322	326	510	546	652	767	886	0
138	207	343	495	523	557	621	630	651	0
28	197	243	699	0
29	260	486	512	545	800	0
21	69	87	286	353	405	468	493	730	777	781	796	942	974	0
174	176	251	432	845	935	984	1017	0
147	513	649	802	0
3	37	412	503	911	0
66	164	179	198	257	346	406	448	538	615	687	830	990	0
37	126	159	269	283	307	339	345	370	535	585	640	750	791	1008	0
5	312	471	493	497	516	671	714	888	927	1006	0
55	189	217	332	434	487	512	535	674	0
54	72	487	532	604	677	1019	0
196	356	471	656	790	1017	0
320	323	491	495	517	543	580	581	652	685	705	826	956	0
213	323	363	450	623	670	793	941	0
51	163	189	279	434	634	663	696	845	0
161	162	191	209	397	424	428	454	0
32	87	363	369	440	508	514	755	944	967	0
65	135	242	262	414	474	479	808	908	0
69	87	232	396	500	690	885	981	983	0
186	276	298	494	599	806	838	0
50	349	376	497	535	591	625	738	903	0
124	142	228	568	584	640	0
19	148	287	320	361	427	505	530	587	691	0
208	366	518	675	880	895	927	0
42	177	184	255	381	466	537	575	595	625	831	883	914	0
40	74	160	263	574	614	627	653	690	930	0
7	140	200	249	266	272	330	567	731	862	965	0
105	115	191	239	246	263	428	552	562	570	572	824	861	991	0
100	108	453	509	731	0
158	208	227	414	424	438	626	687	740	755	0
122	140	560	754	772	877	887	0
496	766	826	829	0
336	883	0
258	277	293	484	878	964	0
34	741	750	832	0
20	276	312	334	342	441	543	628	781	816	1017	1020	0
221	228	253	429	560	861	878	0
436	440	583	609	692	783	801	820	856	0
300	343	654	672	751	888	1009	0
29	65	160	276	421	503	0
491	629	640	663	689	733	820	986	0
102	144	171	365	415	517	590	603	688	692	736	795	0
88	302	534	541	569	772	813	945	0
137	319	430	823	941	1004	0
19	206	222	288	334	379	528	627	889	969	0
176	201	274	684	730	986	1022	0
143	294	299	427	599	726	870	0
38	239	742	847	854	1016	0
157	353	356	483	518	729	749	1014	0
3	484	594	596	606	808	887	0
9	22	303	323	455	573	908	976	0
9	289	327	523	783	951	957	0
39	113	715	903	0
83	92	135	203	447	572	640	658	979	985	0
78	258	410	518	586	685	749	861	876	964	0
7	91	245	329	596	612	898	1001	0
41	59	79	149	216	339	506	666	792	803	851	854	947	961	0
49	154	225	488	513	518	655	694	916	0
99	309	351	404	504	591	650	836	978	0
4	36	144	222	231	353	622	663	889	943	0
67	114	207	404	505	633	759	933	0
98	149	225	269	354	444	702	761	968	975	1005	0
34	38	173	220	845	0
15	410	419	506	735	785	942	0
181	539	772	905	0
30	116	316	447	522	562	575	625	655	710	778	836	845	994	0
12	96	165	166	305	439	488	781	1024	0
407	489	623	826	0
442	545	549	781	901	948	977	986	0
87	118	157	667	749	767	1004	0
173	405	596	648	739	0
71	85	146	262	370	395	495	537	594	673	689	919	928	0
4	76	86	182	285	329	543	816	825	843	985	996	998	0
185	433	520	616	815	868	937	1005	1020	0
194	619	714	0
102	128	208	319	337	643	761	973	998	0
21	80	178	258	747	926	999	0
28	131	241	406	591	618	711	753	903	1019	0
75	135	366	406	543	0
2	24	117	119	131	452	541	557	721	753	862	0
206	246	298	362	414	435	555	613	0
15	79	319	835	912	0
6	34	60	235	349	616	775	932	0
88	251	392	452	464	556	630	727	941	0
118	162	170	192	322	475	552	660	736	904	943	954	0
316	341	480	612	687	1015	0
145	921	0
201	355	542	742	752	843	0
20	72	140	184	352	393	421	521	621	819	954	0
44	132	425	448	559	822	825	951	987	1005	0
48	96	131	257	281	319	347	709	760	935	947	0
83	226	638	707	812	954	1017	0
14	87	208	230	266	283	288	342	369	451	515	766	779	1009	0
23	100	268	325	328	454	519	684	723	0
204	304	487	561	684	813	821	914	0
96	267	307	442	495	649	678	904	0
252	340	377	699	742	755	807	943	977	1011	0
4	83	199	327	543	717	761	787	1013	0
91	234	453	576	659	723	819	838	903	932	0
165	183	326	418	629	797	827	1005	0
15	149	368	513	833	848	922	0
13	38	82	112	307	515	531	558	913	926	0
447	531	677	898	949	0
8	25	208	345	673	724	734	914	933	952	1012	0
211	248	300	561	761	0
25	28	47	122	309	340	342	419	503	529	984	0
11	333	516	538	765	780	812	0
362	474	567	576	675	691	905	981	0
248	273	578	906	917	967	0
167	234	256	437	700	767	844	891	0
109	462	471	586	948	958	0
156	188	365	391	516	658	955	985	0
329	601	726	857	0
150	181	329	365	944	957	987	0
23	43	93	117	122	367	692	809	841	866	887	0
53	268	433	508	575	698	873	884	935	0
230	340	538	690	753	772	853	896	0
33	191	267	304	307	405	420	519	537	897	996	0
78	107	324	383	622	657	668	720	760	914	1012	0
93	181	195	248	514	521	606	739	806	839	0
180	235	338	440	611	631	770	1019	0
53	221	324	380	439	654	773	0
25	178	247	263	429	548	713	794	986	0
148	269	331	375	585	591	664	870	1000	0
225	506	580	762	890	0
156	178	243	496	658	659	701	762	813	883	892	907	922	989	1006	0
51	115	163	237	292	402	413	733	0
59	332	461	656	720	770	785	846	0
293	724	780	897	0
84	134	166	369	471	0
110	172	401	443	520	860	935	0
68	111	682	779	0
7	18	82	132	140	307	449	455	875	0
91	270	424	455	592	889	914	930	0
246	310	431	542	615	780	1021	0
12	54	103	120	253	322	417	507	537	0
78	128	163	251	580	659	0
132	141	236	413	503	649	681	865	890	950	987	995	0
6	293	516	533	707	797	812	0
194	399	537	638	727	860	0
141	733	978	0
34	88	108	255	264	446	500	532	682	781	814	922	958	0
180	202	226	369	547	580	965	0
35	93	415	504	558	560	720	871	887	970	1023	0
7	182	193	510	549	565	635	732	849	892	970	0
37	274	416	617	702	781	0
138	181	409	502	571	587	626	643	667	689	792	879	904	919	952	0
26	83	0
392	583	695	862	958	993	0
76	78	83	99	678	948	968	0
131	223	429	472	561	682	1024	0
115	143	249	272	336	382	493	606	0
20	193	641	725	802	832	872	965	0
166	172	220	323	359	680	791	852	0
41	246	576	848	873	885	0
44	181	295	432	485	805	902	981	0
68	128	263	400	412	622	649	687	831	0
123	728	948	0
104	368	845	879	0
350	510	636	704	857	899	938	946	0
59	98	386	455	590	778	891	1015	1016	0
61	134	230	315	393	407	525	586	716	926	986	1011	0
81	116	208	402	536	663	840	878	981	0
99	264	289	639	711	757	785	892	935	0
154	417	518	545	971	0
147	152	416	490	615	633	659	752	873	877	880	0
71	190	220	291	328	339	484	748	900	1008	0
78	177	183	200	350	559	801	0
330	371	457	622	654	758	840	902	979	0
120	219	253	632	754	899	930	937	0
51	63	157	382	437	562	595	632	999	0
144	386	661	985	0
329	349	512	687	845	0
251	337	532	709	0
19	72	162	427	527	973	0
104	564	570	633	822	843	0
178	209	323	367	507	527	572	581	612	815	931	941	0
31	475	488	783	978	0
37	165	289	321	326	341	557	617	805	897	0
65	66	171	250	256	268	640	723	850	938	0
6	281	304	308	378	483	785	833	977	0
51	63	143	198	282	394	496	512	594	731	932	933	0
48	72	100	154	231	256	293	325	333	565	577	686	953	0
232	312	456	467	0
12	218	286	294	378	440	630	671	780	784	864	963	0
58	89	565	568	645	791	989	0
40	154	234	262	315	409	517	599	723	850	987	0
128	184	192	193	227	245	458	839	0
129	401	417	435	457	495	638	705	857	885	969	0
127	144	295	299	317	702	847	929	966	0
89	254	411	431	455	496	506	540	636	686	842	957	0
278	316	320	341	0
22	111	121	160	185	220	425	428	557	807	896	944	951	0
58	108	385	402	421	540	586	686	0
65	68	255	275	324	665	807	1020	1022	0
33	76	244	455	477	572	647	709	792	894	0
225	245	415	427	434	450	594	842	861	900	960	991	0
274	658	829	834	857	911	950	1021	0
8	52	199	524	878	902	926	975	0
19	117	181	276	394	680	0
152	251	425	564	626	702	914	974	0
59	286	400	566	679	753	795	0
141	246	276	339	492	527	571	616	680	816	985	0
18	275	418	586	641	0
21	165	244	335	576	577	614	643	652	720	724	937	1020	0
165	422	487	854	1015	0
185	269	369	385	688	737	926	0
16	361	367	444	469	725	861	906	0
43	69	309	328	385	534	573	606	0
5	138	476	781	861	864	0
29	90	198	449	865	959	1005	0
5	67	488	538	912	0
460	503	536	589	643	844	1005	0
333	517	691	0
34	154	192	341	520	1017	0
192	225	302	350	478	548	733	832	858	0
712	738	765	850	862	878	888	999	1001	0
366	404	797	914	0
292	494	612	675	744	1010	0
7	68	497	569	650	796	955	0
32	532	607	729	753	827	881	0
17	18	172	198	346	435	468	733	1007	0
148	172	388	452	601	697	885	950	0
38	82	141	251	489	740	892	907	1018	0
1	116	308	371	395	403	414	745	886	1016	1021	0
128	561	837	0
32	107	198	307	500	628	874	949	994	1024	0
155	161	239	273	338	341	429	454	705	836	949	1013	0
422	507	548	648	689	792	800	824	880	1003	0
32	168	231	251	265	273	274	342	515	548	572	690	722	1012	0
90	101	277	450	771	799	866	909	0
48	86	120	207	521	769	824	862	983	993	0
14	31	204	235	334	539	542	566	708	923	986	1013	0
607	643	834	983	0
84	152	492	633	932	0
95	147	230	303	720	733	855	939	1015	0
