1024
885	0
0
0
797	0
498	0
0
0
0
0
0
0
0
0
0
0
0
0
0
886	0
0
0
78	0
0
111	0
0
0
0
0
0
420	0
0
0
0
476	0
0
779	0
0
0
0
0
0
0
106	0
0
276	0
0
0
530	0
0
0
58	0
0
305	0
0
0
0
0
51	0
0
0
0
0
0
0
0
522	0
0
0
0
0
0
0
0
0
1007	0
0
0
22	0
235	0
277	0
0
0
0
0
356	0
0
0
120	0
985	0
0
0
0
0
921	0
0
101	0
0
0
0
860	0
96	0
0
959	0
725	0
0
43	0
0
0
0
0
24	0
0
0
0
0
0
0
0
929	0
88	0
0
0
0
0
0
0
0
0
759	0
0
0
0
0
0
0
0
0
0
0
0
0
0
0
863	0
755	0
0
0
0
0
0
267	0
0
0
0
526	0
0
917	0
0
0
0
0
242	0
0
1016	0
0
0
0
0
564	0
0
0
0
0
0
0
0
0
0
0
0
0
0
0
801	994	0
0
0
0
0
349	544	0
0
0
0
0
393	0
0
0
0
0
0
0
0
270	0
0
354	0
0
0
0
542	0
0
0
0
0
0
0
0
0
0
0
0
994	0
0
0
0
0
1020	0
0
0
0
0
0
0
0
0
245	0
79	0
0
0
0
748	0
878	0
0
162	0
0
0
234	0
0
0
0
618	0
0
0
0
0
950	0
0
0
986	0
0
0
0
0
0
0
0
0
0
151	0
0
0
202	0
0
0
0
0
0
45	0
80	0
0
0
0
0
0
0
525	989	0
0
504	0
0
599	0
0
0
0
979	0
0
0
0
0
0
0
836	0
830	0
0
0
0
376	518	0
53	0
0
0
0
0
0
853	0
969	0
0
766	919	0
0
687	779	0
0
0
0
0
0
0
0
0
0
0
0
0
0
0
0
0
0
381	0
0
0
0
919	0
447	0
0
712	0
0
0
0
0
0
0
0
189	1017	0
0
0
0
0
204	0
0
85	563	0
0
0
649	0
606	0
0
0
370	875	0
458	0
825	0
0
0
0
0
363	0
811	0
499	0
0
0
0
304	0
0
0
0
0
334	835	0
0
845	0
0
0
0
0
0
0
411	0
0
0
194	0
0
0
0
708	0
0
0
621	844	0
0
0
0
0
0
0
0
0
0
899	0
390	0
0
1005	0
538	0
0
0
0
0
0
30	0
0
0
0
0
0
0
0
0
926	927	0
933	0
725	0
0
0
0
0
0
0
0
0
0
0
714	0
0
0
0
0
339	0
0
0
767	0
930	0
0
0
0
0
0
0
364	0
0
0
0
0
0
0
0
0
0
0
0
0
0
0
0
0
0
34	0
0
0
0
754	0
0
0
0
0
0
0
0
0
0
0
0
0
0
0
0
633	0
0
5	0
372	0
0
0
0
528	0
286	0
0
0
0
0
0
753	0
0
0
0
0
0
0
0
304	0
0
596	0
0
66	0
0
0
284	0
155	0
0
503	0
0
48	0
0
0
0
0
0
0
0
414	0
0
969	0
0
208	868	0
0
189	0
0
0
0
634	0
0
0
0
0
0
0
0
0
0
732	0
0
0
0
0
356	0
169	0
0
0
0
0
0
0
0
0
0
0
755	0
587	0
0
0
0
0
0
802	0
0
0
0
0
576	0
871	0
1005	0
0
0
0
0
0
0
520	0
0
0
288	0
0
0
0
0
0
0
360	0
0
0
0
0
0
0
0
0
0
0
0
249	0
0
0
400	0
675	0
0
0
0
0
0
0
0
0
0
0
496	796	0
548	0
0
0
0
856	0
0
0
0
0
0
0
0
0
0
0
359	0
0
0
0
0
0
0
0
0
0
0
0
0
0
0
0
0
0
0
0
0
1014	0
994	0
0
0
0
622	0
0
0
0
0
0
0
0
0
0
0
0
316	0
0
0
739	0
0
0
0
0
885	0
765	0
819	0
0
0
0
0
0
0
0
0
0
0
397	773	0
0
0
0
341	0
0
442	0
0
0
0
0
0
0
0
0
0
0
104	431	0
0
0
0
0
0
0
558	0
913	0
0
0
0
0
0
690	843	0
0
0
0
0
0
0
0
0
239	0
0
0
0
0
510	0
480	0
145	575	0
0
0
0
129	0
0
0
0
0
0
696	0
314	0
450	0
0
0
0
0
0
708	0
0
0
0
0
0
36	316	0
0
0
0
0
0
0
918	0
0
0
0
0
0
0
0
0
0
633	0
4	0
0
0
0
184	0
582	0
0
0
0
0
0
0
0
0
371	924	0
0
0
0
0
0
0
0
697	0
0
0
0
0
0
365	0
0
0
953	0
987	0
300	0
0
0
0
0
381	0
299	0
0
0
0
0
0
0
739	0
400	0
383	0
0
0
0
0
0
0
0
311	0
0
0
638	0
0
0
0
100	0
0
0
144	0
0
0
0
0
542	0
0
0
588	0
0
0
0
363	0
0
0
240	0
0
0
0
0
0
0
1	695	0
19	0
0
0
0
0
0
0
0
0
0
0
0
0
410	0
0
0
0
0
991	0
0
0
0
0
0
0
0
0
733	0
0
0
0
157	0
786	0
314	338	0
0
94	0
0
0
811	0
0
429	0
429	0
0
119	0
451	0
0
0
430	0
0
0
0
0
0
0
0
0
0
0
0
0
0
0
0
0
254	0
0
0
828	0
0
0
0
0
0
103	0
0
0
0
0
0
0
0
0
0
312	540	0
0
0
0
0
0
0
0
0
0
292	0
0
0
0
0
0
89	0
257	0
829	0
0
284	0
0
904	0
0
0
184	220	671	0
0
0
0
0
0
0
0
0
0
0
413	589	0
0
75	0
0
0
0
0
0
0
670	0
0
164	0
349	0
0
0
225	0
0
0
0
0
