1024
885	0
0
0
797	0
0
0
0
0
0
0
0
0
0
0
0
0
0
0
0
0
0
78	0
0
111	0
0
0
0
0
0
420	0
0
0
0
476	0
0
779	0
0
0
0
0
0
0
0
0
276	0
0
0
530	0
0
0
0
0
0
0
0
0
0
0
0
0
0
0
0
0
0
522	0
0
0
0
0
0
0
0
0
0
0
0
22	0
0
0
0
0
0
0
0
0
0
0
0
0
0
0
0
921	0
0
0
0
0
0
860	0
0
0
0
0
0
0
0
0
0
0
24	0
0
0
0
0
0
0
0
929	0
0
0
0
0
0
0
0
0
0
759	0
0
0
0
0
0
0
0
0
0
0
0
0
0
0
0
0
0
0
0
0
0
0
0
0
0
0
0
0
0
0
0
0
242	0
0
1016	0
0
0
0
0
564	0
0
0
0
0
0
0
0
0
0
0
0
0
0
0
0
0
0
0
0
349	544	0
0
0
0
0
0
0
0
0
0
0
0
0
270	0
0
354	0
0
0
0
0
0
0
0
0
0
0
0
0
0
0
0
994	0
0
0
0
0
0
0
0
0
0
0
0
0
0
245	0
0
0
0
0
748	0
878	0
0
162	0
0
0
234	0
0
0
0
618	0
0
0
0
0
0
0
0
986	0
0
0
0
0
0
0
0
0
0
0
0
0
202	0
0
0
0
0
0
45	0
0
0
0
0
0
0
0
0
0
0
0
599	0
0
0
0
0
0
0
0
0
0
0
836	0
0
0
0
0
518	0
0
0
0
0
0
0
0
0
0
766	0
0
0
0
0
0
0
0
0
0
0
0
0
0
0
0
0
0
0
0
0
0
0
0
0
0
0
712	0
0
0
0
0
0
0
0
189	0
0
0
0
0
204	0
0
0
0
0
0
606	0
0
0
875	0
458	0
0
0
0
0
0
0
811	0
499	0
0
0
0
0
0
0
0
0
0
0
845	0
0
0
0
0
0
0
0
0
0
0
0
0
0
708	0
0
0
844	0
0
0
0
0
0
0
0
0
0
899	0
0
0
0
0
0
0
0
0
0
30	0
0
0
0
0
0
0
0
0
927	0
0
725	0
0
0
0
0
0
0
0
0
0
0
714	0
0
0
0
0
0
0
0
0
930	0
0
0
0
0
0
0
364	0
0
0
0
0
0
0
0
0
0
0
0
0
0
0
0
0
0
34	0
0
0
0
0
0
0
0
0
0
0
0
0
0
0
0
0
0
0
0
0
0
0
372	0
0
0
0
0
0
0
0
0
0
0
0
0
0
0
0
0
0
0
304	0
0
596	0
0
66	0
0
0
0
0
0
0
0
48	0
0
0
0
0
0
0
0
0
0
0
0
868	0
0
189	0
0
0
0
0
0
0
0
0
0
0
0
0
0
0
0
0
0
0
0
169	0
0
0
0
0
0
0
0
0
0
0
755	0
587	0
0
0
0
0
0
802	0
0
0
0
0
576	0
0
1005	0
0
0
0
0
0
0
520	0
0
0
288	0
0
0
0
0
0
0
360	0
0
0
0
0
0
0
0
0
0
0
0
249	0
0
0
0
675	0
0
0
0
0
0
0
0
0
0
0
796	0
0
0
0
0
0
0
0
0
0
0
0
0
0
0
0
0
0
0
0
0
0
0
0
0
0
0
0
0
0
0
0
0
0
0
0
0
1014	0
994	0
0
0
0
622	0
0
0
0
0
0
0
0
0
0
0
0
0
0
0
739	0
0
0
0
0
0
765	0
819	0
0
0
0
0
0
0
0
0
0
0
397	773	0
0
0
0
341	0
0
442	0
0
0
0
0
0
0
0
0
0
0
431	0
0
0
0
0
0
0
0
913	0
0
0
0
0
0
690	0
0
0
0
0
0
0
0
0
239	0
0
0
0
0
0
0
575	0
0
0
0
129	0
0
0
0
0
0
696	0
314	0
0
0
0
0
0
0
708	0
0
0
0
0
0
36	0
0
0
0
0
0
0
918	0
0
0
0
0
0
0
0
0
0
633	0
4	0
0
0
0
0
582	0
0
0
0
0
0
0
0
0
371	924	0
0
0
0
0
0
0
0
697	0
0
0
0
0
0
0
0
0
0
987	0
0
0
0
0
0
0
299	0
0
0
0
0
0
0
0
400	0
383	0
0
0
0
0
0
0
0
0
0
0
0
0
0
0
100	0
0
0
0
0
0
0
0
542	0
0
0
0
0
0
0
363	0
0
0
240	0
0
0
0
0
0
0
1	0
0
0
0
0
0
0
0
0
0
0
0
0
0
410	0
0
0
0
0
991	0
0
0
0
0
0
0
0
0
733	0
0
0
0
0
786	0
0
0
94	0
0
0
811	0
0
0
429	0
0
119	0
451	0
0
0
0
0
0
0
0
0
0
0
0
0
0
0
0
0
0
0
0
0
0
0
0
0
0
0
0
0
0
0
0
0
0
0
0
0
0
0
0
0
0
0
0
0
0
0
0
0
0
0
0
0
0
0
0
257	0
829	0
0
0
0
904	0
0
0
220	671	0
0
0
0
0
0
0
0
0
0
0
589	0
0
0
0
0
0
0
0
0
670	0
0
164	0
0
0
0
0
0
0
0
0
