1024
885	0
425	0
0
541	797	0
275	341	498	572	0
0
452	0
406	0
37	557	0
149	705	0
987	0
728	0
872	0
0
0
0
0
0
292	886	0
314	0
235	0
78	864	0
0
111	307	527	572	0
0
528	772	0
497	0
405	0
0
420	0
0
0
0
334	476	975	0
0
436	779	0
9	546	0
0
152	302	408	0
0
156	0
0
106	735	0
623	0
276	0
0
51	219	394	0
300	530	0
540	866	0
473	617	0
47	58	0
441	877	955	0
305	353	0
184	0
136	382	903	0
675	0
940	951	0
51	844	1008	0
0
0
0
0
797	0
0
0
522	966	0
435	0
657	0
0
658	0
0
142	0
0
413	508	0
1007	0
287	0
0
22	200	539	0
222	235	984	0
277	670	0
513	0
475	0
0
0
356	514	0
110	734	802	0
0
120	0
125	317	985	0
0
462	0
197	0
533	0
354	538	921	0
437	711	0
101	0
625	0
0
0
860	0
96	938	0
589	620	0
959	0
725	0
895	0
43	113	0
0
111	0
477	999	0
86	0
24	108	0
0
106	0
773	925	0
0
517	645	0
627	0
0
929	0
88	896	0
156	0
0
0
215	0
89	0
0
563	0
609	658	0
255	759	780	0
420	0
0
0
184	224	804	0
225	986	0
513	0
55	0
688	887	0
609	675	0
0
0
719	0
72	0
0
717	863	0
309	755	0
0
0
0
10	0
415	0
267	0
39	0
0
682	0
526	0
41	121	520	598	0
255	917	0
423	0
542	597	0
0
412	0
242	273	672	708	0
0
1016	0
0
632	0
567	0
0
564	0
0
322	0
947	0
0
0
0
0
0
0
0
0
0
251	0
502	0
54	133	801	994	0
0
436	465	0
393	0
224	0
349	544	559	0
458	0
215	883	0
0
0
393	0
0
272	0
92	0
0
565	870	0
78	353	0
919	0
270	590	741	0
0
354	683	826	0
0
802	0
0
542	733	0
240	752	0
0
0
0
0
0
124	191	788	0
748	911	0
265	0
0
47	0
994	0
441	703	0
79	0
0
133	188	1005	0
134	1020	0
0
0
0
0
0
571	0
0
0
245	0
21	79	0
367	0
0
0
748	0
209	878	0
677	0
162	580	0
897	0
0
234	0
0
0
441	0
618	0
588	0
182	549	0
0
0
950	0
129	157	0
0
986	0
996	0
0
415	0
0
0
0
0
217	436	451	0
298	0
151	0
0
0
202	0
0
196	759	0
162	715	0
0
5	0
45	330	0
80	0
0
526	0
0
448	0
781	0
0
344	502	525	904	930	989	0
0
504	0
76	0
456	599	0
0
422	0
355	0
19	979	0
532	0
0
0
0
0
266	404	838	0
836	0
48	830	0
0
39	0
388	0
376	518	0
53	0
850	0
24	593	0
0
145	852	0
427	0
853	0
969	0
0
20	766	919	0
0
687	779	938	0
89	0
0
0
0
0
171	0
435	0
337	0
0
0
0
0
0
276	647	0
511	0
338	510	0
0
34	381	0
0
0
324	390	701	0
332	919	0
415	447	883	997	0
628	0
5	457	712	0
979	0
0
284	0
0
0
439	689	0
0
189	1017	0
554	0
0
400	0
53	200	0
94	204	0
291	702	0
85	563	0
599	0
0
625	649	0
606	0
758	952	0
0
370	489	875	928	0
458	461	0
535	825	938	0
747	0
236	986	0
0
0
363	480	971	0
811	0
499	0
738	0
0
438	0
304	0
891	0
528	0
709	0
0
334	835	0
55	903	0
845	0
0
0
0
0
303	0
0
337	411	613	0
0
0
187	194	0
47	0
0
0
708	0
944	0
0
352	621	844	0
0
469	0
0
298	0
28	624	754	0
8	981	0
757	0
39	604	868	0
0
899	0
390	0
161	577	0
74	928	966	1005	0
538	912	0
150	260	339	0
0
0
533	0
0
30	130	0
0
290	0
158	0
0
2	0
0
310	0
663	0
926	927	0
444	713	933	0
706	725	0
0
0
0
67	323	720	0
36	186	265	940	0
95	0
375	0
347	0
0
52	221	248	0
714	828	0
890	0
430	502	929	0
0
905	0
339	0
281	0
0
652	767	0
265	930	954	0
7	641	0
0
0
950	0
288	0
341	0
190	364	0
735	0
0
364	842	0
91	0
0
0
186	754	0
0
0
621	820	0
402	0
1023	0
924	0
0
50	684	720	0
538	0
82	1012	0
34	0
109	0
523	0
0
370	754	887	0
0
0
618	0
582	0
831	0
0
0
766	0
363	0
648	705	0
0
754	0
884	0
0
546	0
633	0
27	576	0
5	1018	0
372	0
0
523	0
183	284	444	0
528	0
286	0
0
0
767	0
74	0
0
332	664	673	753	0
331	0
711	0
81	135	0
85	0
0
939	0
116	782	0
304	0
0
156	596	809	0
562	0
66	878	0
478	501	0
715	0
284	0
155	279	891	985	0
24	0
26	378	503	574	0
0
48	0
0
293	0
93	418	0
0
365	0
0
888	0
94	414	474	0
78	0
49	969	0
4	0
159	208	868	0
760	839	0
189	0
0
37	495	704	740	0
0
634	920	0
251	665	0
0
0
0
0
350	0
700	0
0
9	0
732	997	0
189	0
587	0
753	0
521	640	0
127	356	0
169	0
199	857	0
707	0
167	0
655	700	711	0
0
1015	0
231	0
5	24	724	0
0
528	0
755	0
497	587	723	0
412	0
0
778	0
242	0
0
484	802	0
0
644	0
0
0
560	576	0
250	871	0
102	1005	0
202	0
604	0
0
307	0
0
0
520	0
159	0
156	635	0
288	357	975	0
0
0
0
0
408	591	0
0
360	0
0
0
128	138	0
0
0
881	0
390	0
0
0
792	0
50	0
249	483	0
0
102	0
400	468	0
675	844	0
44	0
405	0
97	359	0
0
117	990	0
340	0
0
0
640	0
166	908	0
496	796	0
548	0
598	988	0
0
0
856	0
0
562	631	0
452	0
0
885	0
584	0
116	709	818	0
0
330	0
490	0
359	0
0
0
450	0
0
0
568	0
896	0
68	0
70	128	731	765	0
0
737	0
0
0
428	0
510	870	0
549	0
827	0
0
0
0
80	1014	0
994	0
162	0
510	0
769	930	0
56	138	622	0
0
241	0
0
0
0
0
154	0
204	789	0
473	0
0
0
316	0
137	948	0
347	0
739	0
0
0
0
0
885	993	0
765	0
819	0
0
0
555	568	0
337	0
355	0
221	0
546	878	920	0
10	490	0
431	986	0
566	0
162	397	773	0
379	645	0
0
95	512	568	0
341	0
430	0
442	0
273	524	0
0
144	0
0
141	0
435	473	0
0
0
576	0
572	0
104	431	774	0
0
0
12	0
0
0
658	0
558	0
208	913	0
86	0
43	459	785	0
0
660	0
373	1004	0
690	843	0
546	0
202	0
0
0
0
0
0
366	0
216	239	0
0
0
0
209	0
510	561	0
405	465	480	492	0
145	575	0
0
407	0
361	1006	0
129	272	0
543	1012	0
0
0
781	0
0
658	696	0
314	488	0
450	507	0
0
674	0
0
0
26	0
114	708	0
725	0
0
0
0
579	0
36	316	0
129	0
282	763	0
517	0
787	0
790	0
735	0
918	0
783	0
215	0
683	0
784	877	0
0
616	1017	0
0
0
0
633	975	0
4	63	907	945	0
0
831	0
0
184	0
86	206	582	875	0
0
133	0
0
0
0
0
520	0
0
371	924	0
966	0
944	0
0
0
0
0
645	0
697	0
468	0
0
1008	0
0
0
365	0
204	0
666	872	0
442	953	0
987	1005	0
300	0
485	799	0
0
0
0
381	0
299	0
0
298	877	1006	0
543	0
0
0
461	0
739	0
58	400	622	0
383	0
0
0
0
853	0
306	0
0
309	0
311	849	0
0
0
638	0
565	906	0
0
0
100	0
0
0
144	0
22	0
0
49	0
0
408	542	0
0
199	664	0
588	0
13	827	0
0
0
363	802	0
0
52	790	838	0
240	522	704	0
0
0
612	0
0
191	339	0
493	0
1	643	695	0
19	0
137	480	989	0
537	0
0
443	0
377	526	0
0
0
0
105	0
120	656	0
243	0
0
410	0
0
0
0
55	382	0
284	991	0
446	0
857	0
797	0
632	0
0
0
216	0
414	0
733	0
0
0
0
157	0
786	0
201	314	338	0
548	704	0
94	0
0
0
471	811	0
114	0
429	0
429	0
363	413	0
119	444	967	0
284	451	674	0
0
0
430	0
0
944	0
0
0
101	316	365	0
516	0
57	436	0
0
0
0
398	813	935	0
797	963	0
0
172	0
688	0
0
254	455	0
57	0
361	0
828	0
451	0
52	0
0
0
0
103	0
0
0
0
945	0
0
0
66	413	812	0
929	0
0
312	540	0
0
370	0
0
0
0
34	599	796	0
0
0
0
292	342	0
0
406	0
0
0
79	0
89	526	0
134	257	367	706	0
11	829	0
635	0
284	887	0
627	0
904	0
0
695	0
184	220	671	0
0
258	0
339	558	0
0
109	0
0
0
0
0
738	0
224	413	589	829	0
758	838	0
75	0
58	822	0
0
0
0
475	760	0
0
670	0
570	0
164	0
349	792	0
498	0
0
225	0
0
0
470	0
0
