1024
108	165	343	418	453	603	638	648	885	902	993	1019	0
14	73	376	425	470	519	687	843	914	934	937	946	1001	0
21	38	58	67	188	278	344	429	588	599	759	837	951	952	0
23	34	116	180	183	256	270	272	290	530	541	653	702	793	797	808	855	935	958	961	987	0
113	130	195	214	229	234	275	341	349	498	499	515	572	625	652	687	711	737	873	993	0
12	54	73	161	257	295	340	365	503	533	618	645	781	868	0
36	46	78	83	100	116	224	300	385	452	477	497	525	678	777	832	861	943	0
73	80	180	187	212	226	245	326	336	358	406	496	641	722	765	780	999	1009	1010	0
37	76	117	122	186	343	379	381	456	557	602	621	638	683	753	926	0
27	41	110	149	174	194	453	485	574	679	705	720	764	808	836	915	959	0
203	452	532	570	607	736	741	821	872	946	987	0
6	83	87	110	255	348	396	520	721	728	751	752	813	869	983	0
21	77	81	157	313	367	412	493	595	628	688	691	706	744	752	823	860	872	1016	0
2	81	305	352	429	516	665	936	984	0
105	130	169	176	216	250	296	383	491	505	627	644	708	882	923	1010	0
240	287	448	460	476	483	509	515	528	582	686	892	905	919	1020	1024	0
127	231	237	266	422	539	543	601	647	707	763	967	1007	1019	0
21	111	264	279	288	557	569	624	688	725	874	943	967	983	990	999	1003	1012	1020	0
29	86	152	156	259	292	302	334	452	472	488	723	792	831	841	885	886	0
27	83	169	210	229	314	315	617	682	792	857	0
3	13	18	74	176	235	245	279	329	475	580	588	596	621	628	637	704	715	746	822	975	1010	0
29	50	78	84	309	330	345	493	524	601	614	649	657	815	864	892	955	1017	0
4	138	244	316	517	525	620	629	667	671	750	789	814	821	849	870	940	999	1010	0
111	127	159	161	307	310	334	349	413	527	572	579	581	678	735	783	960	967	0
131	187	313	420	508	537	583	599	655	723	735	869	897	0
48	85	109	178	180	267	528	696	704	755	772	834	0
10	20	152	183	242	253	275	450	497	566	824	835	1004	1011	1017	0
135	300	405	430	480	525	631	682	726	845	859	881	913	990	1019	0
19	22	52	69	97	103	212	221	288	325	337	392	441	462	477	531	676	0
39	367	404	412	420	436	525	629	651	781	0
96	136	198	201	423	439	672	677	735	781	910	0
53	58	97	187	225	363	395	532	590	740	762	789	869	1005	0
42	78	125	160	177	200	314	339	341	439	442	453	478	518	524	603	623	809	880	949	0
4	47	90	241	318	320	334	336	425	450	476	488	639	681	708	831	975	1022	0
73	89	230	233	270	519	563	608	612	660	716	742	866	907	1014	0
7	41	50	98	124	145	366	432	436	478	518	566	612	624	639	640	677	718	777	779	801	825	938	958	1009	1012	1013	0
9	57	132	138	155	197	233	317	365	377	401	546	610	632	638	729	798	1022	0
3	101	113	235	261	341	467	484	486	488	666	701	770	911	927	0
30	54	152	197	302	315	392	404	408	514	622	624	642	757	841	874	883	899	974	0
67	107	147	178	265	280	369	381	389	411	453	477	479	578	737	815	839	840	954	965	991	1017	0
10	36	69	156	163	344	381	558	621	703	871	941	1010	0
33	203	221	256	404	520	762	807	843	876	888	965	971	1000	0
69	106	150	221	349	364	491	531	735	743	780	885	940	983	0
88	110	141	145	229	267	342	363	409	410	431	436	485	502	503	623	705	761	786	900	968	996	0
71	93	276	351	359	394	507	531	691	806	824	844	1017	0
7	102	155	235	242	257	461	715	848	964	0
34	51	64	71	79	219	343	394	578	686	703	729	831	876	0
26	248	284	300	343	398	440	461	530	543	593	639	661	739	777	812	962	0
114	182	227	234	466	540	640	650	673	779	866	902	910	0
22	36	166	319	350	361	392	473	548	617	669	771	782	835	837	936	964	998	1016	0
47	58	141	159	245	343	396	559	563	571	580	604	645	654	718	739	874	0
29	97	246	321	381	441	461	519	569	741	788	877	882	892	901	910	936	955	1002	1016	0
32	219	305	314	353	396	489	502	572	689	726	779	841	858	902	0
6	39	69	118	184	259	272	277	312	313	483	537	633	785	809	937	987	1017	0
90	110	136	171	189	224	298	313	382	388	486	488	537	541	561	646	709	741	784	903	0
68	119	177	247	264	460	486	524	573	594	675	711	733	870	948	0
37	84	170	176	191	287	321	358	389	499	651	692	698	940	951	0
3	32	51	101	172	408	470	476	520	651	670	757	808	815	828	844	942	978	1003	1008	0
83	133	172	333	388	443	444	505	577	588	682	692	918	958	987	995	0
69	112	114	232	401	505	614	640	650	676	735	777	839	866	1004	0
277	301	350	372	378	439	481	521	572	660	678	687	802	891	1005	0
148	189	207	281	386	499	514	523	734	737	793	813	886	984	0
94	116	247	268	436	687	734	737	757	773	781	797	824	0
47	171	262	312	393	422	430	577	587	849	943	989	1023	0
117	198	390	475	797	849	951	995	1011	1019	0
186	222	321	415	522	623	712	749	776	832	900	966	995	0
3	40	100	131	155	171	344	419	435	555	562	684	700	853	914	943	992	0
56	119	136	147	205	321	346	643	657	697	761	787	791	871	894	899	939	985	991	0
29	41	43	54	60	78	167	168	172	220	271	328	336	398	736	745	748	755	809	850	918	1013	1018	1021	0
120	164	169	176	372	436	548	576	605	632	658	663	681	837	909	922	1021	0
45	47	187	305	423	449	530	531	668	757	887	893	958	990	0
142	191	245	342	392	437	442	470	498	504	529	536	755	798	844	1000	1013	0
2	6	8	35	156	169	244	305	366	399	611	701	732	762	771	980	1022	0
21	124	125	151	166	177	240	374	377	413	508	527	558	607	657	837	843	852	887	897	905	935	981	998	0
79	145	245	253	257	349	546	585	667	702	755	777	804	835	898	941	1007	0
9	115	254	287	407	434	549	604	657	694	708	725	853	867	956	972	989	1020	0
13	113	117	123	348	351	415	543	724	848	929	939	967	998	1009	0
7	22	33	69	147	200	233	255	345	457	539	723	754	757	775	796	823	849	878	1015	0
47	75	153	195	222	229	235	260	282	355	373	427	459	468	482	544	593	718	798	859	928	984	993	0
8	112	157	200	224	253	277	286	326	332	382	396	428	476	535	665	670	696	765	774	869	920	929	957	969	1012	1016	0
13	14	94	109	141	208	223	264	337	341	377	510	513	540	569	717	824	833	851	1004	0
118	300	306	323	383	385	429	475	483	819	871	884	1005	0
7	12	20	59	421	449	489	513	581	600	734	857	867	878	921	944	984	1003	0
22	57	104	110	257	302	315	368	459	513	568	778	794	806	822	0
26	141	153	222	251	277	284	350	356	458	492	503	514	665	746	811	883	0
19	102	110	118	173	214	235	244	327	375	394	427	501	586	613	679	734	770	802	877	992	0
12	165	208	231	287	333	671	703	724	817	844	915	980	0
44	99	120	139	185	230	289	306	399	401	515	556	587	645	652	655	759	761	783	829	840	904	1018	0
35	125	217	219	250	295	317	382	401	426	482	521	530	584	672	793	813	862	969	976	985	0
34	55	136	239	283	387	409	487	524	537	600	691	723	845	0
104	108	116	158	182	285	383	386	432	436	437	456	462	478	552	567	623	649	741	899	959	1010	1020	0
150	197	215	223	265	386	421	443	540	632	940	982	0
45	128	161	288	432	460	493	533	585	612	830	898	0
63	81	132	155	193	200	273	284	286	317	354	456	538	590	713	715	860	878	921	983	1016	0
402	437	456	702	711	744	814	928	1013	1024	0
31	101	159	214	243	264	376	413	522	553	595	700	703	732	809	823	872	886	940	963	978	0
29	32	52	165	229	384	447	490	539	576	586	625	626	750	987	1018	0
36	171	225	251	319	320	329	365	372	395	467	473	497	586	682	691	694	844	850	1012	0
88	186	260	295	322	458	525	638	658	754	0
7	67	185	202	261	291	295	305	320	441	521	610	646	649	688	834	860	913	0
38	58	96	176	230	480	495	768	816	847	857	891	902	938	960	970	995	1024	0
46	86	139	181	239	309	334	365	386	442	535	589	607	620	649	735	736	790	910	975	976	984	0
29	473	560	684	760	923	933	959	0
84	91	123	445	514	552	707	725	754	891	932	0
15	249	328	384	408	525	581	601	681	811	859	895	996	1020	0
43	113	174	232	258	321	329	455	478	494	520	741	809	842	930	1010	1022	0
40	129	417	418	561	739	765	832	0
1	91	111	133	165	176	213	276	301	304	424	479	671	729	947	972	0
26	81	180	290	296	316	333	411	477	575	617	629	676	690	709	744	754	879	907	937	976	999	1010	0
10	12	44	55	84	86	191	332	359	390	424	450	452	696	707	718	838	859	860	899	901	0
18	24	108	112	136	159	174	291	294	340	406	467	488	490	515	522	558	737	826	903	992	998	0
60	80	111	182	195	310	365	441	524	582	733	0
5	38	77	106	127	130	135	184	246	306	344	376	405	454	458	461	494	615	690	749	756	859	992	0
49	60	118	137	191	231	296	306	311	350	376	458	472	474	655	667	670	773	917	923	925	947	966	977	0
76	161	226	276	305	334	450	508	633	761	913	938	940	0
4	7	63	91	121	156	168	186	353	366	459	491	493	514	517	579	645	672	764	782	798	802	858	970	0
9	65	77	131	240	258	362	510	577	627	636	665	749	850	917	995	996	0
54	82	86	114	213	256	374	376	456	676	807	896	919	948	0
56	68	127	142	186	206	290	309	510	632	637	683	694	791	870	929	964	978	993	0
70	88	147	163	171	205	207	209	261	265	307	343	456	474	602	796	896	0
116	156	229	319	386	412	424	435	597	640	712	785	820	867	889	908	963	1012	1020	0
9	198	220	233	389	492	518	669	679	696	724	733	786	800	813	850	855	869	1006	0
77	104	244	313	316	418	655	676	747	748	755	784	809	0
36	74	215	333	440	546	730	750	818	822	842	902	989	0
33	74	89	139	181	235	341	447	490	535	647	768	821	851	869	1008	0
162	318	341	356	378	411	510	693	758	920	999	0
17	24	113	119	236	255	265	280	340	347	414	419	499	504	552	563	576	858	900	905	1015	0
93	129	244	261	365	609	658	807	842	954	999	1023	0
107	128	255	258	292	326	429	438	524	610	666	757	759	780	824	851	889	934	1003	0
5	15	113	340	346	420	497	525	608	632	689	818	908	919	937	955	0
25	67	117	182	241	306	340	432	511	543	581	598	617	677	712	805	880	953	0
37	94	250	407	412	509	611	623	629	710	714	868	891	922	984	0
59	108	184	224	252	281	350	354	396	509	511	804	838	884	932	934	962	1019	0
161	181	214	221	225	235	382	387	394	433	527	608	747	795	922	973	986	0
28	113	361	397	419	449	487	513	644	655	695	886	969	0
31	55	68	90	111	180	263	346	370	414	641	819	921	930	1007	0
114	147	344	345	410	496	523	605	612	635	680	688	763	786	810	887	896	939	975	1013	0
23	37	267	309	511	514	564	578	609	669	675	693	733	790	812	816	857	902	0
88	102	125	342	513	628	638	681	722	791	857	859	897	992	1002	1005	0
339	385	411	456	616	728	844	850	885	906	964	990	0
44	51	81	85	417	449	510	612	628	631	719	724	775	785	796	814	815	872	0
72	119	146	167	209	230	446	482	500	568	696	709	714	763	791	795	798	862	869	922	1003	0
191	246	310	358	403	407	483	490	584	818	830	903	1006	0
153	177	178	189	209	242	391	463	473	513	555	580	717	797	834	863	892	933	966	1018	0
36	44	75	302	309	376	423	429	495	511	528	556	599	607	614	652	738	749	755	789	856	893	905	957	976	0
142	171	212	245	287	420	526	610	658	690	693	750	816	846	882	1015	0
40	68	78	120	137	160	295	392	399	437	480	616	629	713	1000	0
62	260	365	513	677	996	1001	0
10	197	276	327	329	477	539	544	607	717	757	761	933	939	0
43	92	167	182	258	415	544	553	614	651	670	722	875	892	989	1019	0
74	206	249	250	261	267	427	435	492	496	573	610	701	731	790	869	1005	1022	0
19	27	39	169	239	333	413	461	574	591	677	726	911	923	0
79	85	144	196	263	388	416	423	444	492	619	717	759	799	1009	0
242	298	463	474	682	691	855	875	984	0
37	46	67	94	217	474	526	617	698	762	905	959	998	0
19	41	73	116	121	338	382	429	451	468	480	520	598	686	742	778	942	992	0
13	80	255	257	364	454	496	557	859	894	901	917	982	0
91	226	291	301	321	423	485	708	723	773	897	938	0
24	51	96	111	183	279	289	325	395	400	483	491	542	553	582	597	618	723	731	769	890	954	991	0
33	147	164	291	298	417	419	453	551	630	641	667	670	1004	0
6	24	93	115	134	200	203	273	293	321	354	367	412	456	549	644	703	716	743	832	856	928	0
126	182	242	273	335	354	429	460	520	527	551	577	596	672	708	740	796	952	1021	0
41	120	164	172	221	435	678	730	760	787	973	0
70	160	163	408	411	581	785	886	891	892	921	1016	0
1	87	97	108	189	285	337	447	681	744	779	783	804	950	986	0
50	74	195	210	269	305	353	397	527	595	632	692	844	903	0
69	142	150	188	283	418	564	567	674	680	727	757	809	926	943	948	992	1014	0
69	116	273	299	343	388	509	514	542	572	663	757	783	893	902	965	0
15	20	70	73	152	332	343	427	521	564	568	637	640	677	719	754	783	870	0
57	185	242	262	277	331	402	452	466	606	719	742	821	843	941	961	973	998	1010	0
55	64	67	98	120	146	231	254	322	441	459	477	537	616	667	725	804	834	866	882	1018	0
58	59	69	163	174	300	400	427	534	570	626	680	791	850	863	916	937	947	956	0
86	211	325	437	496	500	637	677	708	729	806	855	0
10	106	111	172	348	359	563	802	850	936	987	992	0
225	285	364	442	513	618	693	716	810	964	970	0
15	21	57	70	101	108	191	253	358	429	825	863	873	913	933	999	0
33	56	74	144	193	197	216	222	254	399	569	688	746	903	0
26	40	144	290	400	506	667	668	755	761	848	977	1017	0
195	230	243	295	333	359	403	408	576	586	599	629	733	828	890	919	928	0
4	8	26	109	136	212	262	271	295	356	407	451	482	522	697	826	884	969	0
102	125	134	187	203	248	301	318	331	442	540	585	699	745	757	827	842	911	948	0
49	91	112	131	150	162	229	251	260	311	510	619	768	784	944	988	1018	0
4	27	159	269	352	502	730	759	794	872	886	890	998	1009	1021	0
54	113	133	282	437	478	642	682	783	801	866	908	909	913	987	994	1023	0
88	100	170	199	431	823	0
9	66	99	116	119	236	289	404	406	436	465	540	561	592	626	630	634	674	723	724	828	853	932	943	0
8	25	32	71	181	388	393	442	456	530	571	610	671	717	755	877	0
3	167	224	546	557	628	670	695	779	878	901	950	977	0
55	62	144	165	297	349	365	448	489	544	559	568	612	613	634	641	846	873	879	884	905	0
316	390	458	461	569	670	696	762	874	881	1009	1015	0
57	72	110	114	143	176	215	231	271	482	553	555	626	628	707	755	777	802	883	926	1007	1010	0
197	242	244	264	293	396	423	491	542	566	608	625	678	723	731	846	990	0
94	177	273	307	382	498	551	738	840	0
10	296	393	495	522	564	615	698	719	760	789	993	1014	0
5	79	112	166	179	230	265	425	487	507	511	560	626	834	841	885	934	0
153	272	358	546	712	916	942	961	973	0
37	39	92	149	177	192	436	470	524	656	698	821	870	877	0
31	65	122	247	288	363	364	427	429	460	498	582	687	695	858	946	984	0
185	239	260	302	361	481	565	682	735	736	772	833	870	897	933	955	1024	0
33	78	80	94	161	353	369	592	695	707	767	812	819	825	892	0
31	320	402	525	553	590	634	676	739	891	919	983	984	990	0
100	270	291	360	493	589	590	658	741	835	836	888	917	1008	0
11	42	161	181	230	281	303	362	414	426	536	547	559	569	807	885	980	0
232	241	354	381	385	531	542	683	722	767	826	840	879	1000	1007	0
68	120	210	228	289	299	431	519	570	656	863	0
119	151	209	378	503	619	626	790	802	876	909	1019	0
62	120	377	598	703	725	739	772	773	783	867	885	908	928	979	982	0
81	87	283	296	315	338	380	384	432	451	489	533	542	639	733	850	864	906	952	0
120	142	144	206	240	273	274	533	559	623	719	752	788	885	889	0
20	166	205	213	217	305	318	333	382	428	450	454	465	506	507	537	641	683	721	782	0
173	301	349	445	586	672	679	769	790	811	843	878	0
8	29	146	180	380	381	401	448	457	476	0
108	118	210	223	350	410	446	447	484	608	694	840	994	0
5	86	96	134	273	304	348	374	403	495	507	663	725	883	892	909	925	992	994	0
92	124	191	366	524	706	722	788	794	837	843	0
15	177	347	386	403	408	418	459	596	748	848	869	893	911	933	0
89	155	210	265	325	448	457	624	755	827	854	893	922	960	0
247	254	290	300	510	572	607	639	833	888	895	992	1013	0
47	53	89	270	357	360	390	483	493	514	587	603	692	729	753	780	799	873	967	0
69	122	241	254	298	349	472	526	563	584	593	704	727	829	903	931	942	960	994	0
29	42	43	134	163	257	327	390	441	510	534	653	669	679	703	721	873	0
66	79	85	177	223	238	311	397	516	631	712	736	792	866	1020	0
81	92	213	222	262	286	335	508	601	797	844	949	950	1019	0
7	55	80	133	188	240	268	270	310	328	423	526	534	594	619	662	787	877	956	1005	0
32	98	134	175	246	299	372	717	787	896	898	927	933	962	1020	0
8	115	158	260	398	479	496	527	561	612	679	681	693	808	811	821	867	1008	1013	0
49	243	335	630	661	951	0
205	375	387	430	504	554	561	566	579	706	728	760	831	966	983	989	0
5	20	44	79	97	121	182	576	706	828	866	887	924	973	0
35	88	101	142	179	195	203	257	422	517	564	571	573	739	766	857	869	1007	0
17	87	114	171	191	241	324	432	486	504	519	540	571	582	624	712	754	867	911	951	0
60	106	204	330	416	493	501	627	631	656	721	793	797	886	899	925	1003	0
35	37	78	122	330	353	395	687	717	800	845	847	862	889	933	1006	0
5	49	245	254	320	397	404	607	608	694	710	800	853	912	932	1010	0
21	38	46	79	86	125	134	273	278	481	550	714	756	757	770	906	999	1000	1021	0
127	186	274	275	288	308	367	487	588	739	791	803	964	989	0
17	393	426	498	503	522	597	602	687	765	784	793	798	906	911	0
222	365	392	428	453	586	677	756	808	909	943	1014	0
90	102	152	199	293	299	368	426	461	496	506	626	715	748	981	0
16	74	117	209	224	249	371	425	444	556	629	671	677	681	755	756	784	803	878	898	0
34	131	204	220	231	343	549	598	650	677	713	717	729	730	878	887	1022	0
27	46	144	154	162	170	192	278	282	339	396	443	491	510	519	543	558	580	605	623	760	891	936	0
96	179	227	248	353	374	475	604	705	888	897	898	906	987	1017	1023	0
23	73	86	123	128	192	326	560	685	696	700	781	842	901	980	0
8	21	51	72	75	146	234	295	501	523	528	537	649	657	674	777	788	790	974	0
52	113	143	225	255	330	339	531	608	697	725	798	814	817	844	0
56	63	198	218	252	427	456	715	721	941	979	1019	0
48	181	243	422	441	458	478	511	576	580	767	843	935	1008	0
105	151	240	281	299	314	317	394	420	606	618	700	742	830	832	841	0
15	89	132	151	474	493	497	588	761	842	888	1020	0
85	98	182	348	459	549	566	637	652	680	699	855	860	993	994	0
133	247	514	523	571	723	827	864	901	957	0
27	75	80	176	273	351	375	387	430	561	572	632	665	678	694	705	766	0
76	171	177	218	220	234	310	347	394	414	442	486	496	524	607	635	786	844	876	950	1021	1024	0
12	78	127	129	157	246	317	349	361	392	426	451	576	603	703	713	787	835	947	957	1001	0
4	42	118	347	501	617	697	788	821	873	0
6	46	75	84	157	221	230	264	306	373	471	523	576	624	800	804	928	931	986	0
106	117	129	150	260	262	295	347	372	431	461	602	666	689	746	775	837	853	895	919	996	0
19	54	292	308	461	473	565	623	629	649	668	671	710	723	810	954	964	0
79	99	148	182	199	226	258	318	374	415	439	627	635	666	671	721	883	896	989	997	1009	0
38	100	120	128	151	262	275	460	462	487	541	623	694	721	727	750	783	946	1013	0
64	170	180	223	258	261	283	417	426	432	487	496	584	663	674	728	730	900	0
136	153	288	322	369	386	492	509	512	693	752	851	889	910	951	980	0
18	56	81	96	192	257	265	277	306	367	525	526	533	553	613	704	771	857	0
40	92	120	127	195	217	264	349	436	451	502	606	797	800	805	831	851	860	919	0
17	298	311	384	420	449	504	602	606	629	647	658	731	763	795	858	0
26	44	138	151	268	310	390	473	485	492	525	598	914	0
63	224	267	362	369	632	671	808	826	866	894	951	0
166	183	302	313	352	576	593	605	617	663	785	819	928	0
4	35	202	219	224	376	379	381	408	414	422	444	649	658	897	914	956	971	1007	0
69	180	191	331	353	469	480	486	521	538	698	971	982	987	0
4	54	196	482	528	557	647	669	671	701	759	794	797	852	980	0
94	161	162	168	193	209	214	235	253	275	316	328	414	454	547	557	653	659	715	795	856	865	879	968	0
209	236	355	459	610	614	691	940	958	0
5	27	236	261	273	302	326	337	451	517	543	562	711	725	729	769	879	920	953	0
45	108	115	149	330	495	498	578	608	624	811	892	955	961	0
54	61	80	85	170	264	350	427	441	549	568	703	735	770	862	920	998	0
3	235	242	294	332	346	389	392	475	528	529	556	685	791	915	0
18	21	159	329	336	352	379	435	526	557	659	930	938	967	978	1009	0
40	127	288	493	551	587	595	615	717	751	781	825	949	956	980	0
62	133	203	249	358	448	498	541	564	634	636	678	725	767	789	795	924	993	0
79	184	242	326	442	497	521	626	722	760	781	990	1017	0
90	167	208	262	295	308	429	531	665	704	765	799	806	844	852	922	931	0
48	85	94	335	344	353	449	480	502	525	733	775	816	851	862	879	904	930	989	0
91	165	175	315	319	365	406	480	586	732	740	741	802	821	879	885	944	0
80	94	223	504	519	524	567	586	592	703	734	834	952	0
16	57	76	87	146	424	452	585	630	720	732	929	945	1013	0
18	29	93	198	236	263	280	400	429	456	476	479	599	753	759	776	927	0
88	159	186	205	333	360	414	468	513	582	655	680	746	800	859	869	929	931	0
4	109	119	178	218	366	422	492	503	577	645	650	651	682	761	762	766	814	823	829	830	984	988	0
100	111	158	160	202	323	355	360	477	551	560	637	662	744	880	0
19	129	259	351	354	629	655	682	773	800	801	858	934	971	979	994	999	0
161	192	239	335	433	454	532	636	766	894	0
111	278	569	609	619	636	686	901	938	982	1020	0
6	89	99	100	147	179	180	245	258	283	305	401	533	608	610	826	921	0
15	109	114	194	208	342	382	409	412	469	752	812	850	854	910	935	988	997	0
189	304	314	399	422	423	543	679	736	784	0
55	154	160	220	266	404	464	497	760	838	927	0
168	205	225	239	249	352	390	427	512	560	574	578	621	640	661	673	763	802	814	836	1014	0
7	28	48	82	172	218	442	513	748	830	862	891	902	1001	0
61	108	158	181	211	370	525	568	571	686	699	706	930	0
19	39	84	145	199	269	275	408	429	530	541	643	669	800	814	1023	0
203	342	356	363	388	408	440	493	496	536	644	650	741	750	970	978	0
108	214	297	306	349	357	376	518	567	670	794	846	892	959	0
14	53	71	73	100	115	166	210	295	329	340	355	377	434	501	567	594	602	722	723	931	964	1012	0
82	88	113	114	131	257	264	304	393	467	509	542	559	678	850	878	908	920	929	1017	0
24	120	193	382	439	495	501	559	593	607	690	733	750	844	869	904	0
236	259	283	326	425	441	448	479	546	717	747	930	979	1007	0
22	102	119	138	145	331	344	406	409	506	554	558	648	695	817	852	992	0
24	112	143	224	254	267	338	393	427	439	455	509	762	0
114	182	222	266	323	363	468	486	541	589	827	853	931	0
54	64	317	385	429	443	460	511	512	526	834	850	871	948	969	978	0
13	25	54	55	123	269	314	315	378	427	436	614	625	814	909	955	0
20	33	53	249	297	313	316	408	593	624	766	772	773	882	913	919	983	0
20	39	84	208	285	313	443	458	542	603	616	648	972	0
23	109	123	190	273	314	409	486	511	566	614	625	678	687	779	829	867	938	944	1010	0
37	89	94	249	255	312	364	470	557	581	757	897	919	949	956	0
34	126	181	210	260	344	496	516	655	678	760	0
50	98	121	285	411	487	493	531	805	1009	0
34	98	100	201	234	399	445	460	517	566	571	735	768	773	784	788	810	813	925	934	965	1019	0
52	57	66	68	106	158	161	452	534	564	577	654	752	891	0
99	171	263	350	389	570	688	743	817	911	924	941	0
82	291	311	365	435	576	591	608	669	710	711	818	856	894	0
231	329	337	342	426	448	513	624	715	724	727	927	950	970	985	0
29	159	173	217	393	415	465	466	549	670	691	807	838	869	875	0
8	80	129	244	275	282	308	351	357	381	412	444	512	518	635	651	661	706	898	906	919	1004	0
86	149	221	353	450	631	664	710	729	774	890	1013	0
69	105	224	273	423	428	440	502	530	544	645	843	961	1006	1020	0
21	98	106	149	279	305	324	408	416	442	511	524	628	663	682	775	839	860	0
22	232	233	246	276	493	628	638	647	711	810	1001	0
170	181	271	309	378	390	465	511	616	627	741	787	834	963	1023	0
80	110	169	278	338	359	500	510	530	671	673	774	784	905	954	1011	0
59	87	109	124	152	179	210	289	382	565	608	619	718	788	979	990	995	0
19	24	34	102	115	381	420	553	564	959	0
162	223	227	284	293	437	489	556	565	686	801	851	951	977	0
8	34	69	279	358	408	443	478	565	583	806	946	972	1010	0
29	81	165	275	324	390	444	537	554	701	851	932	999	1014	0
156	208	310	332	499	788	856	887	919	0
33	140	242	246	383	415	447	470	551	694	706	824	869	883	886	997	0
6	111	127	130	131	305	382	407	473	628	665	720	787	802	858	938	1011	0
5	33	38	81	125	126	403	457	526	594	632	662	712	719	785	832	966	1014	0
44	72	139	296	303	324	471	681	738	758	979	0
1	9	47	48	51	120	168	169	241	357	363	426	506	538	543	578	627	706	736	803	849	902	938	993	1003	0
3	41	67	113	137	284	309	318	489	502	642	652	717	729	857	0
22	78	137	368	414	422	506	514	541	595	642	828	867	942	1024	0
68	130	136	278	381	455	503	640	937	1011	0
127	216	254	256	258	439	455	530	543	552	660	689	724	736	848	892	917	964	981	0
12	77	174	214	251	399	416	452	525	544	605	626	639	681	706	771	826	894	976	0
5	24	43	75	189	211	220	255	265	304	462	512	533	700	704	732	752	791	800	916	991	1017	0
50	61	85	114	133	213	277	322	509	554	572	576	602	630	696	707	738	1013	0
45	77	253	292	326	475	614	732	746	768	778	781	819	868	882	913	934	943	981	1012	0
14	183	269	279	299	400	755	835	842	1004	0
53	116	166	200	233	243	271	284	327	376	408	466	621	660	690	882	0
94	133	161	162	204	292	365	401	433	488	518	565	567	747	760	788	910	961	978	0
79	274	291	305	605	626	702	907	0
85	126	180	303	406	563	602	673	678	728	754	784	812	838	863	886	904	947	0
219	304	326	343	375	501	533	599	679	707	760	779	800	821	947	0
8	57	143	176	196	281	336	580	677	802	0
45	110	174	179	332	479	567	570	589	625	649	697	746	793	844	857	900	923	924	0
202	219	289	291	368	408	417	427	445	460	548	596	606	614	706	863	878	1022	0
50	135	199	255	366	377	494	576	618	758	878	952	0
117	203	268	479	492	495	608	759	781	833	964	0
32	44	198	303	311	343	370	489	550	563	583	712	777	831	875	898	910	928	987	995	1008	0
43	157	175	198	317	377	420	458	461	552	555	588	604	771	847	942	0
6	37	98	102	112	128	148	189	238	285	323	354	377	402	518	535	735	744	774	797	825	903	938	954	965	0
36	73	116	215	290	361	380	436	511	581	659	670	747	772	794	815	843	921	974	1009	0
13	30	161	236	264	403	451	455	462	518	553	577	594	757	762	896	926	986	1013	1020	1024	0
84	239	345	360	392	396	478	656	736	858	889	0
40	200	263	268	457	605	752	753	764	872	0
136	301	363	480	485	601	612	643	723	740	768	798	805	844	851	971	1021	0
240	434	462	654	691	811	818	869	878	950	0
61	70	98	225	258	380	475	499	507	534	543	584	810	992	0
79	257	504	513	543	629	730	738	959	0
74	118	214	243	260	477	544	588	749	776	897	920	926	966	976	983	1019	0
86	228	253	357	410	438	583	609	616	620	691	702	707	893	0
2	96	113	114	118	145	270	304	353	387	439	455	526	556	559	573	620	653	802	870	1000	1002	0
37	74	81	207	305	361	364	365	401	487	501	566	590	764	833	887	891	899	1014	0
61	126	206	313	331	393	413	453	515	528	543	612	638	806	882	931	955	0
9	270	279	581	697	709	791	810	822	832	859	897	911	971	981	0
208	212	366	372	471	478	481	601	666	680	727	738	781	826	927	958	0
9	40	41	52	204	212	270	326	334	346	557	588	718	724	835	903	991	994	0
55	80	89	134	156	193	210	296	307	333	340	787	839	851	872	895	903	985	0
15	82	91	339	522	575	616	625	657	747	845	898	915	958	986	0
97	105	208	266	479	487	598	620	699	830	931	0
7	82	140	204	312	550	575	734	766	820	882	943	0
62	91	92	102	121	216	263	407	555	572	576	668	676	712	834	951	994	0
90	134	228	253	376	429	435	462	464	573	666	705	979	0
55	59	153	168	187	303	407	412	447	520	647	818	822	850	862	980	1000	1018	0
40	57	122	278	322	454	488	510	516	580	585	602	620	634	656	908	937	984	0
65	110	190	219	221	267	299	331	337	392	411	421	613	705	717	852	927	985	1023	0
144	547	583	593	715	823	854	890	898	900	960	0
29	39	50	72	147	238	255	278	368	390	406	458	465	512	587	651	698	790	796	869	902	0
64	187	194	237	306	310	325	378	468	472	517	522	533	610	611	637	647	762	810	823	862	935	1008	0
45	47	86	134	249	254	439	524	561	576	596	616	626	734	742	841	1001	0
32	98	159	233	540	553	584	632	655	715	941	981	0
12	51	53	80	133	192	242	368	539	672	840	880	897	955	0
135	166	222	234	430	434	488	500	539	582	636	697	708	828	842	869	919	0
48	69	226	837	872	944	993	0
73	88	147	177	297	320	348	400	409	495	505	556	777	884	913	967	0
159	172	178	288	352	399	446	463	524	621	652	729	758	785	839	844	996	1003	1006	1013	0
37	60	88	89	212	295	354	377	416	440	473	575	807	824	851	954	1024	0
95	170	201	365	423	463	469	481	648	905	0
143	179	214	216	341	367	445	473	520	538	571	586	601	754	848	961	989	0
30	39	42	186	234	298	448	548	603	660	665	756	799	1012	0
28	113	538	624	754	760	826	845	846	1022	0
8	111	186	285	309	356	392	696	709	851	914	981	998	0
76	132	143	180	340	386	388	534	545	566	693	722	757	777	881	890	985	0
39	58	105	164	179	216	270	302	303	314	329	336	353	360	527	541	551	573	593	604	610	647	656	843	850	853	868	872	875	1012	1021	0
44	90	296	309	316	399	410	426	439	443	493	500	539	580	626	699	762	796	852	0
44	137	213	375	409	457	527	528	551	585	676	719	734	769	833	847	874	899	0
40	109	126	140	164	319	390	446	485	488	489	544	700	713	769	771	811	891	973	982	0
13	30	121	132	161	296	326	388	553	569	577	583	630	716	729	772	988	1015	0
24	74	96	152	378	462	491	498	588	691	696	717	853	928	966	1005	0
127	136	203	254	270	273	289	345	432	506	538	643	677	748	786	892	912	943	0
66	77	150	260	325	339	427	504	549	553	638	761	782	895	932	0
153	232	329	348	401	478	571	575	602	677	776	808	889	901	909	0
107	141	160	262	360	511	521	539	623	662	683	918	0
1	107	123	167	216	434	477	488	497	533	604	606	724	734	886	944	0
67	127	135	160	463	485	523	563	731	785	798	860	899	912	917	959	990	0
25	30	130	146	249	266	334	364	436	507	656	800	889	1020	0
83	92	390	567	664	1002	0
17	64	230	248	270	290	297	345	440	451	877	919	974	1021	0
31	71	145	153	158	192	224	297	328	402	461	503	570	671	788	811	825	0
108	110	121	287	528	631	776	869	905	967	990	0
2	34	195	240	308	428	507	519	633	640	742	784	837	1013	0
89	203	237	239	255	262	324	343	409	652	761	769	818	871	0
79	86	151	169	172	198	247	277	299	310	313	360	415	448	454	472	506	526	545	801	984	1001	0
80	210	238	328	425	449	510	663	675	813	841	926	1004	0
3	14	82	129	145	156	162	176	198	283	288	302	312	387	448	502	573	678	759	790	851	865	896	925	926	927	941	946	971	1007	1008	0
28	64	228	253	397	444	542	549	552	619	713	716	837	933	954	969	0
44	185	205	258	438	484	517	590	591	607	706	720	723	725	744	875	879	909	0
36	91	93	131	208	231	262	414	584	714	879	0
134	293	354	483	689	731	761	786	814	820	886	0
76	305	371	397	418	436	458	503	671	730	782	805	842	0
67	121	151	163	279	323	387	493	514	578	590	641	659	687	720	735	863	907	919	0
30	36	44	63	70	91	186	197	265	313	366	420	434	457	493	581	595	656	703	711	714	761	787	839	940	959	0
72	91	95	147	173	184	335	446	484	635	645	718	903	0
129	375	431	498	567	584	628	653	691	717	763	867	912	936	944	0
31	33	61	260	307	310	347	376	394	409	455	591	783	798	804	815	856	944	0
48	124	303	328	401	422	454	493	533	556	660	689	754	762	943	959	0
29	52	100	112	171	221	248	277	308	487	574	626	795	802	850	942	0
33	72	102	175	181	187	254	282	300	329	501	568	620	683	710	714	729	772	828	950	952	0
59	92	242	312	315	336	409	453	496	554	802	803	830	890	946	0
59	153	240	270	326	337	430	502	669	709	751	772	879	890	922	929	945	0
104	211	320	360	403	457	608	619	697	898	936	0
142	213	400	411	437	464	602	623	634	660	742	813	869	904	905	946	955	970	1013	0
97	125	165	213	339	388	476	505	514	538	557	569	928	0
16	189	212	217	281	308	324	404	427	429	523	608	643	673	888	889	986	1013	0
71	83	135	141	266	284	428	558	637	676	679	685	960	967	984	0
27	34	110	115	210	327	544	558	587	597	600	615	650	652	675	742	767	842	0
156	180	208	255	265	275	367	422	463	523	593	608	812	868	930	954	984	0
7	11	19	110	170	287	321	348	575	641	663	722	801	844	979	1020	0
1	10	33	40	160	238	378	443	548	555	577	586	636	826	961	963	0
113	157	210	273	293	389	427	440	510	650	714	747	787	845	858	1012	0
106	310	346	347	367	376	439	522	671	835	950	957	988	0
9	91	94	95	118	120	140	161	187	247	288	461	496	566	585	737	746	750	790	849	938	939	952	0
78	212	217	341	369	410	436	445	544	562	571	638	639	742	764	778	787	796	981	994	0
85	99	113	114	190	248	315	364	392	434	471	743	746	803	911	923	957	961	995	0
79	84	116	171	216	251	274	496	735	736	796	806	838	916	0
16	56	93	162	198	261	312	320	360	461	473	541	599	700	716	744	979	0
46	48	52	113	152	190	239	258	259	364	423	456	460	508	526	586	589	654	713	758	766	842	996	1009	0
29	91	261	349	367	371	387	413	571	621	629	682	718	739	862	1021	0
144	154	400	402	419	451	684	691	714	729	755	804	875	914	976	1008	0
298	387	446	491	578	719	837	886	916	919	0
186	210	325	331	392	485	556	645	754	809	842	864	888	910	953	1011	0
49	170	325	353	471	489	513	767	772	776	781	817	907	937	951	953	0
38	98	111	306	664	672	727	755	876	946	951	0
79	156	289	311	393	602	617	621	668	680	714	781	819	820	0
271	296	402	609	731	772	807	885	962	1014	0
2	58	72	197	317	339	636	648	751	808	809	835	894	963	1023	0
257	342	380	458	466	474	510	543	559	563	638	641	830	924	955	965	0
19	114	220	393	427	527	620	624	693	759	814	815	851	914	951	983	992	0
50	98	103	144	259	267	340	401	403	460	489	518	569	613	671	684	720	764	779	796	838	898	994	0
114	120	154	155	250	471	515	538	742	749	0
21	65	82	243	278	351	372	505	538	629	675	679	736	747	785	832	850	899	955	1012	0
16	34	58	80	212	288	447	481	506	598	611	615	748	828	935	990	1011	0
7	29	40	109	149	171	291	374	418	525	637	683	754	851	907	909	0
33	36	91	106	184	248	336	368	380	416	480	523	581	647	662	681	837	893	908	990	994	1020	0
40	108	226	288	308	359	362	384	510	630	658	703	750	842	861	885	1000	1022	0
28	101	147	156	271	284	285	370	478	575	608	609	638	654	668	754	887	0
61	199	235	380	402	476	493	565	596	639	690	798	829	0
79	89	142	180	191	272	509	821	823	849	851	982	1021	0
16	54	82	143	159	219	433	491	578	618	796	804	866	893	953	0
38	213	431	437	529	582	583	631	632	652	708	743	745	828	877	983	0
10	44	158	267	370	411	419	465	488	579	622	633	663	697	703	824	831	904	932	0
38	55	56	231	254	271	311	316	493	600	647	649	800	894	932	962	1005	0
90	135	195	236	261	262	319	377	384	441	614	678	701	737	740	815	854	875	893	965	0
19	34	38	55	111	354	389	397	411	418	485	608	752	766	789	803	884	913	940	973	1006	0
53	83	189	208	335	344	363	411	466	473	521	527	532	605	741	788	875	879	924	0
97	111	125	143	541	644	648	705	899	911	0
15	43	116	159	192	242	413	464	483	500	601	627	654	655	720	940	1000	0
85	122	151	153	263	267	290	362	524	727	754	784	895	948	1015	0
13	22	93	116	202	219	232	250	280	303	319	330	409	435	436	440	481	486	586	678	884	957	0
106	113	361	523	584	586	619	642	832	857	901	985	0
101	145	194	214	276	307	362	399	546	598	741	760	857	872	969	1005	0
8	137	151	157	173	226	239	254	262	303	318	443	456	459	566	568	602	633	664	934	0
7	27	98	130	250	282	298	418	507	524	537	548	576	638	658	717	732	754	759	812	911	969	979	0
5	72	193	198	237	276	281	413	438	558	599	602	614	639	714	768	820	854	858	926	934	1015	1018	0
5	57	62	127	338	372	526	633	677	708	735	747	806	833	877	1023	0
142	173	332	397	409	491	634	696	730	835	860	946	0
86	232	245	256	305	307	357	377	442	523	608	643	664	704	828	829	838	846	924	0
44	53	183	265	284	328	344	429	444	520	545	562	693	737	862	996	998	0
6	44	85	206	237	290	346	423	434	511	528	548	574	585	671	707	727	766	817	919	921	961	0
72	127	228	231	266	286	373	415	529	556	622	707	893	991	0
15	59	60	399	447	475	686	690	702	823	858	997	0
178	210	239	309	343	345	414	427	476	520	536	675	849	866	890	0
45	195	210	214	372	420	425	497	522	668	701	767	867	898	0
25	74	115	223	461	560	616	721	762	791	802	882	999	1013	0
16	132	133	168	263	306	310	350	482	513	589	654	704	723	768	826	928	975	0
81	117	119	126	141	182	218	221	242	332	389	428	454	471	479	552	570	602	664	673	680	726	753	839	942	981	0
131	133	138	145	195	248	312	316	329	331	366	417	503	563	601	668	841	852	980	981	1017	0
263	299	312	326	349	392	592	711	752	797	961	0
81	83	84	135	139	144	148	175	289	300	324	373	466	509	632	678	779	857	862	905	973	1014	0
39	62	85	104	116	138	168	219	252	345	435	447	534	579	760	799	800	906	927	967	0
5	16	88	111	378	474	601	672	0
14	222	318	389	607	822	844	849	939	953	1001	0
23	116	230	275	320	393	431	531	532	585	733	782	812	869	0
33	36	122	304	326	354	365	367	473	556	611	747	858	958	1012	0
2	35	52	205	231	242	286	425	990	1005	0
12	42	58	106	156	162	388	403	502	506	596	686	778	779	809	967	0
61	89	100	169	271	282	417	489	562	603	711	737	779	834	863	0
66	96	111	180	194	237	383	393	455	507	585	592	646	774	791	809	856	878	928	0
62	137	245	252	257	419	448	451	478	494	501	604	676	1016	0
22	33	56	90	112	129	197	215	254	286	329	394	400	492	497	539	550	552	606	668	715	739	797	1003	0
7	23	28	30	99	105	130	201	264	267	284	301	348	477	552	566	608	758	787	806	947	1001	0
146	155	220	224	264	279	312	341	376	427	461	499	566	611	663	686	884	890	891	954	960	973	985	0
24	74	134	162	166	226	408	410	472	489	560	593	608	680	810	832	869	0
16	26	145	245	272	278	378	410	424	503	530	542	574	591	625	667	734	744	860	888	969	978	1006	1015	1018	0
72	278	484	504	706	712	719	783	797	817	1010	0
4	48	71	89	187	302	328	332	347	528	577	604	640	646	672	775	890	990	1012	0
29	43	45	71	204	246	283	319	517	564	660	668	697	793	804	822	864	908	971	1021	0
11	32	293	489	517	605	782	821	896	1022	0
6	93	208	209	264	295	349	357	393	418	440	544	569	744	811	829	889	912	952	988	1011	0
172	221	224	321	372	407	514	619	640	645	659	673	718	793	794	885	887	958	0
80	102	125	365	539	599	701	747	851	960	972	994	0
72	203	303	506	582	696	711	826	856	963	0
25	54	55	90	171	210	245	337	497	580	589	888	901	998	1018	0
94	271	343	403	405	414	447	474	475	556	617	701	754	0
17	78	97	149	396	397	409	417	524	535	756	790	985	1016	0
49	81	92	181	186	231	395	572	611	687	729	883	960	969	1005	1019	0
4	55	261	281	302	311	345	408	460	490	623	750	863	900	0
159	168	192	204	208	306	315	430	528	640	651	654	701	708	807	868	940	0
17	48	77	131	242	275	297	343	347	372	373	378	471	658	760	790	821	839	846	859	1011	1015	0
79	149	150	189	328	348	374	411	450	457	533	547	642	674	773	797	902	0
407	427	502	582	634	762	775	816	0
37	75	124	188	196	308	495	603	619	633	643	704	740	744	755	756	757	870	920	922	1011	1018	1024	0
203	273	391	544	559	602	609	696	761	798	924	926	983	0
50	70	360	404	453	497	503	577	609	634	762	824	839	913	920	923	953	994	1017	0
76	161	241	251	277	325	415	430	552	558	565	665	696	766	785	901	962	996	0
235	363	385	524	560	569	600	640	642	668	715	862	899	965	0
160	162	193	280	291	339	408	410	687	691	708	847	918	0
91	104	127	347	364	430	510	524	525	549	725	867	994	1008	1024	0
96	150	159	191	201	264	334	367	395	412	415	555	557	595	617	791	794	897	936	966	0
228	309	337	350	443	575	617	655	706	878	936	966	0
67	144	191	364	386	453	553	580	626	639	700	734	796	813	840	0
88	145	240	278	335	376	399	440	465	504	518	538	688	797	804	805	889	964	981	1001	1012	0
9	18	157	188	272	273	279	317	381	447	553	737	810	836	842	880	992	0
41	74	111	242	309	449	450	498	549	649	732	767	840	848	862	883	935	944	997	0
51	189	203	209	306	307	376	471	547	573	597	659	773	811	840	940	0
103	195	244	291	299	508	527	550	587	589	619	789	920	937	975	991	995	0
55	107	186	226	228	253	394	633	683	753	843	845	940	0
67	275	457	502	521	603	626	640	657	687	742	821	840	851	964	1023	0
35	51	127	174	220	356	363	419	471	511	630	658	671	741	791	917	919	942	967	0
138	167	169	194	230	281	321	334	531	570	672	777	885	913	967	0
199	259	333	335	336	354	481	549	621	636	653	658	706	714	722	831	857	0
27	36	192	228	251	316	320	377	407	456	496	525	526	567	641	703	707	808	887	966	998	0
91	167	286	304	305	354	359	421	438	566	569	573	923	0
84	142	169	189	277	301	442	496	607	655	700	710	711	753	761	811	829	836	892	913	936	946	0
18	52	81	177	190	203	294	412	447	473	533	550	567	576	606	644	683	693	755	811	837	0
11	172	205	322	359	423	510	564	571	590	736	794	799	856	1015	0
51	187	230	231	252	301	320	403	416	457	462	570	634	723	754	796	797	815	978	0
5	24	53	61	168	218	253	350	386	540	604	683	724	748	0
56	151	230	376	387	408	429	559	567	882	999	0
10	152	299	441	503	528	712	812	844	886	0
109	383	385	401	416	452	480	554	583	587	755	783	815	833	889	970	979	0
70	97	127	179	229	248	255	257	269	323	350	361	386	394	497	569	587	617	663	702	723	729	0
59	64	117	162	290	321	367	412	453	530	548	636	666	709	856	864	875	968	984	985	0
40	47	138	276	299	343	435	464	483	689	692	747	796	803	816	895	924	0
24	116	228	485	514	589	615	668	683	708	776	778	825	836	860	861	949	1019	0
21	51	144	242	248	358	389	409	537	555	583	660	662	818	865	1023	0
24	83	105	131	164	317	366	379	436	478	600	729	933	951	959	976	995	0
16	112	159	198	231	289	397	484	536	545	631	671	802	806	837	846	849	867	0
25	336	363	375	391	412	484	575	580	643	816	823	891	1021	0
89	143	220	262	372	395	432	438	494	605	644	712	904	952	986	0
75	93	181	287	389	410	456	503	517	522	646	647	664	680	693	784	788	841	844	906	972	988	1015	0
86	97	98	179	211	238	285	286	403	453	461	493	494	717	830	833	959	987	1020	0
64	88	219	280	392	450	560	575	576	589	670	701	713	721	887	915	0
3	21	59	236	250	364	374	381	413	657	664	756	871	881	0
102	202	311	359	461	509	537	560	579	587	614	802	887	938	1005	0
32	94	201	202	377	431	435	570	767	771	896	903	912	991	1015	0
152	323	431	439	528	604	684	693	726	751	959	0
186	200	286	512	522	604	636	687	774	778	845	0
48	79	220	269	307	314	391	408	451	527	692	733	783	884	936	1001	0
56	224	305	341	367	705	793	816	834	870	893	935	944	979	1002	1006	0
13	96	166	280	345	436	553	607	614	715	902	974	979	0
21	162	216	360	394	481	520	666	685	0
121	159	237	450	559	703	730	734	819	928	938	1004	0
131	156	207	241	267	384	476	495	635	662	709	712	740	754	811	0
3	25	145	179	288	357	460	498	535	661	732	752	758	796	912	975	976	0
83	90	450	486	550	581	623	630	654	721	804	809	832	866	974	0
17	22	105	223	370	380	403	491	511	515	620	682	707	754	805	949	0
9	120	237	258	266	305	350	356	389	416	446	468	496	498	510	547	604	635	669	715	729	850	1011	0
1	33	219	255	315	404	521	546	562	609	636	741	746	747	794	900	947	1021	0
51	76	243	364	408	418	523	530	572	591	592	602	677	701	816	858	997	1006	1015	0
70	137	242	269	348	355	369	489	532	584	671	696	792	0
170	249	265	266	360	418	524	569	842	918	0
11	74	102	145	149	218	234	254	307	431	516	568	595	614	705	721	733	759	860	921	956	0
35	130	134	192	213	234	246	276	295	323	333	362	445	448	451	480	488	501	525	527	633	681	780	0
128	138	294	375	469	480	547	548	603	767	819	963	0
37	100	129	146	151	187	274	295	393	408	634	737	745	790	967	0
73	132	393	476	518	526	540	665	714	723	727	825	827	828	894	0
35	36	93	137	141	189	226	370	378	827	832	881	1011	0
86	189	264	390	473	642	794	852	911	947	954	955	0
22	60	145	150	274	313	316	351	360	487	498	589	595	607	624	640	724	764	785	815	896	0
113	194	280	450	476	579	991	995	0
140	147	171	315	331	375	383	394	508	704	760	769	792	793	799	871	895	0
20	50	109	131	155	256	269	468	538	553	554	576	675	688	690	691	776	823	841	887	979	0
6	159	175	249	361	483	746	817	905	933	945	0
153	182	206	224	294	333	430	445	494	534	546	560	702	923	1007	1016	0
23	102	375	376	384	389	442	472	601	622	666	706	720	768	890	966	0
9	21	41	299	353	400	462	468	565	766	804	820	826	889	905	0
39	485	504	620	675	742	757	805	844	855	944	972	0
33	44	66	91	132	209	242	259	261	417	446	541	600	665	707	748	774	842	870	0
18	36	39	217	231	257	276	314	324	405	472	614	664	952	994	0
5	97	192	313	316	359	383	528	633	650	707	732	771	790	988	0
97	172	186	191	195	206	239	282	348	355	394	409	441	555	562	696	703	706	878	919	975	997	1006	1010	1015	0
15	117	232	260	331	343	491	633	639	681	878	898	974	990	1008	0
13	21	139	141	188	191	329	330	340	438	686	756	759	859	895	1000	1011	0
23	30	109	132	147	179	240	259	266	292	373	462	475	652	738	780	833	993	0
160	186	227	287	350	412	479	563	600	643	708	789	857	0
28	141	222	232	327	424	484	582	640	673	759	782	783	903	1014	0
37	70	92	119	130	166	253	268	341	395	484	513	651	833	878	888	894	908	0
54	115	425	485	496	499	546	561	608	625	627	669	770	796	836	842	873	886	981	1011	0
186	189	201	281	389	446	500	545	548	571	610	686	712	758	841	852	866	960	997	0
137	254	260	326	437	598	602	841	849	854	927	986	988	1002	0
117	281	293	294	397	453	470	565	577	592	603	646	820	827	0
21	119	169	173	251	291	393	449	477	761	831	833	0
1	9	37	99	139	330	378	415	457	471	480	497	656	659	742	754	854	856	933	940	991	1021	0
34	36	48	208	218	348	457	481	498	555	627	659	837	856	880	934	958	984	0
36	49	60	121	169	299	346	425	530	534	542	550	562	614	631	849	916	937	970	0
8	136	160	189	210	435	452	471	566	706	782	0
39	184	344	345	494	544	550	613	718	786	806	859	917	928	959	966	0
68	302	370	414	448	501	546	583	630	645	733	736	773	851	885	996	997	0
15	135	161	303	490	569	584	691	705	716	847	853	1009	0
6	51	88	116	290	328	437	465	534	643	651	709	733	798	818	912	996	0
55	100	522	530	585	636	683	774	794	821	1022	0
17	125	266	272	330	388	393	408	478	486	585	678	744	845	959	0
1	309	315	402	470	490	700	0
22	91	100	102	245	259	270	359	486	558	672	744	771	875	973	0
49	60	241	290	303	450	454	625	760	850	900	929	996	0
30	57	58	150	290	326	392	542	632	645	705	743	751	998	1024	0
5	88	145	251	344	400	426	450	484	629	674	687	774	810	811	821	919	983	0
4	221	273	376	438	565	736	747	839	867	885	904	964	1001	0
51	321	371	461	480	491	509	542	600	698	814	845	905	906	0
25	88	114	123	135	289	292	318	395	491	554	568	678	684	808	837	910	0
197	205	232	368	389	408	420	436	638	784	800	870	896	929	933	0
22	68	74	76	245	383	562	588	737	884	913	969	1003	0
70	99	128	146	202	266	270	479	497	543	563	565	660	731	735	765	778	858	885	900	921	0
273	279	366	435	534	559	638	639	880	926	963	1000	0
35	61	347	353	404	440	446	531	580	658	712	737	738	889	890	922	936	956	0
48	227	299	326	599	671	723	800	0
224	291	341	417	478	580	598	690	880	881	937	1000	1014	0
70	168	214	262	269	329	428	452	485	526	576	707	712	735	774	845	874	1007	0
327	421	467	496	501	510	585	588	624	710	724	797	808	870	883	999	1001	0
14	80	85	117	253	283	340	404	549	611	623	678	681	791	821	917	937	970	0
38	129	258	260	380	387	577	596	620	825	827	834	971	988	0
23	75	114	160	171	178	528	727	840	854	900	913	0
71	178	259	386	468	480	507	511	524	531	550	579	669	740	744	774	838	909	918	953	974	1009	0
50	122	138	221	272	302	323	444	602	633	668	687	709	739	776	815	825	827	945	999	0
58	80	114	150	160	188	190	304	325	366	587	703	794	1014	0
23	87	108	187	240	259	260	268	272	332	423	434	455	473	503	563	582	605	661	821	835	994	0
31	89	116	162	211	396	467	515	530	564	649	682	756	786	994	0
49	299	332	356	448	510	534	631	705	742	830	926	1012	1014	0
167	186	245	262	544	652	687	769	778	816	876	930	964	993	0
56	138	428	450	475	506	617	622	786	874	890	979	985	0
29	60	109	118	123	201	386	410	449	523	867	899	985	0
31	36	131	148	152	169	173	238	240	241	358	414	416	499	604	695	710	759	818	872	1021	0
7	24	61	163	192	253	281	306	316	318	356	429	487	493	513	647	655	665	688	713	784	910	946	0
10	86	122	211	221	226	297	357	449	475	728	743	1015	0
137	167	172	251	289	380	468	510	527	585	781	813	870	890	920	0
34	70	105	139	165	226	240	342	348	478	608	627	665	742	789	824	827	856	887	912	0
20	28	59	98	154	184	199	290	292	329	462	601	672	735	883	0
9	119	204	210	417	442	477	561	569	572	579	646	706	753	758	789	826	1016	0
67	103	463	473	591	655	695	851	852	0
244	278	449	596	723	944	0
16	47	156	294	301	335	505	520	526	628	634	733	780	803	850	886	996	0
2	5	61	63	198	233	237	316	435	540	551	562	592	652	669	674	843	857	969	980	0
13	18	100	137	177	322	556	617	678	739	772	829	927	948	0
53	130	258	347	433	440	578	770	903	914	0
109	113	146	307	353	481	505	617	662	714	739	778	786	842	852	868	919	977	1008	0
13	45	90	98	154	274	325	371	375	413	438	463	551	617	644	735	875	0
57	59	166	219	578	593	1007	0
126	138	146	175	226	263	407	472	502	569	585	591	713	761	767	952	0
76	98	119	213	234	253	261	339	760	766	769	825	935	961	0
135	188	198	200	309	677	684	696	716	746	885	943	993	0
26	80	110	122	142	190	244	350	406	413	500	536	547	549	605	626	695	765	864	893	0
68	180	246	256	359	379	397	445	485	531	743	764	817	819	848	918	926	1004	0
57	155	194	197	271	392	654	719	757	867	922	960	994	0
181	251	301	384	409	739	838	0
67	96	244	249	349	411	460	555	568	648	755	846	852	883	982	0
38	73	151	272	337	487	507	535	538	542	587	604	732	1012	1013	0
4	75	95	355	375	505	576	619	729	751	811	947	955	963	0
41	47	87	96	161	207	221	255	277	286	436	479	485	566	597	626	670	727	823	887	964	0
21	26	220	264	283	349	501	509	546	616	803	878	920	932	0
10	44	243	253	387	390	490	594	607	644	651	673	827	856	998	1023	0
13	215	228	229	301	326	339	343	348	360	431	529	554	565	620	626	641	683	707	740	754	765	986	991	0
17	104	110	191	200	350	357	375	503	504	566	601	623	625	663	706	710	772	960	0
15	34	76	158	162	173	397	484	499	542	551	579	630	710	770	773	907	953	0
55	109	142	379	406	444	577	598	645	669	713	763	829	856	874	914	946	0
132	234	259	323	327	442	568	664	677	707	708	826	849	874	998	0
5	56	95	275	323	330	436	512	521	536	568	750	804	807	836	956	969	1010	0
66	121	131	196	222	231	341	363	386	529	574	584	598	634	660	663	801	807	898	936	990	0
94	147	241	255	411	430	461	587	678	693	709	738	796	827	908	965	968	999	0
132	142	235	432	436	442	454	463	468	498	565	611	690	721	746	809	946	1013	0
21	46	94	239	247	273	324	391	395	524	550	595	602	777	787	846	910	924	976	993	0
35	161	175	412	430	460	644	695	756	787	791	868	883	1000	0
81	144	149	153	187	225	233	241	280	308	344	390	413	438	497	586	883	0
36	51	79	110	333	381	437	462	534	642	733	860	904	0
141	169	170	194	209	341	410	464	529	698	747	857	869	947	998	0
10	287	340	431	435	473	491	620	885	978	0
12	210	221	232	247	260	261	508	587	600	607	714	736	764	774	832	833	876	877	936	982	1000	0
8	139	150	204	215	282	305	407	452	565	739	790	793	845	894	961	997	0
19	25	78	90	158	159	186	192	252	259	305	370	431	509	571	576	611	661	685	833	895	913	953	0
77	87	122	141	186	324	347	381	418	572	614	664	915	938	0
18	76	104	171	207	214	246	275	281	431	552	740	774	843	901	907	909	0
28	53	152	510	591	756	772	904	1004	0
167	220	261	324	380	467	492	503	611	667	703	983	0
12	140	228	262	356	679	753	765	811	839	864	941	0
37	47	108	173	219	241	275	327	344	400	412	442	463	540	576	581	602	702	756	833	964	0
124	163	183	241	262	373	434	500	597	760	788	792	0
151	159	192	266	419	433	469	658	733	752	909	910	0
73	96	285	287	349	351	497	558	599	625	701	834	840	855	860	870	967	0
56	112	122	138	179	208	284	307	517	593	607	643	645	686	718	731	773	805	816	819	837	851	913	973	983	0
62	63	83	86	286	385	394	410	418	528	555	597	741	776	822	842	868	933	946	0
24	25	31	43	60	102	199	277	320	365	435	459	499	658	663	682	691	737	758	775	785	880	977	1002	0
11	69	102	199	222	297	343	347	368	459	475	570	643	653	721	762	769	881	1000	1024	0
5	40	62	63	111	456	487	502	521	557	610	657	660	735	791	998	1015	0
145	193	342	350	373	380	629	660	713	769	773	815	823	979	1004	0
48	51	107	201	207	230	236	462	524	669	688	690	699	722	750	762	770	778	801	842	843	882	941	949	996	0
32	162	285	370	487	546	598	668	706	725	796	859	900	921	928	963	966	972	1013	0
11	52	55	91	106	202	285	303	331	489	495	563	603	734	788	0
35	156	170	249	394	425	446	450	457	474	562	622	638	673	681	894	954	0
43	161	322	458	484	651	679	697	822	848	982	0
13	95	109	165	291	365	431	460	528	533	546	647	649	668	765	971	972	1021	0
69	181	484	610	885	907	961	0
21	85	177	258	289	351	359	456	458	603	618	695	714	752	809	867	899	948	979	980	993	0
123	134	308	354	366	383	454	475	499	518	535	578	603	653	719	757	791	868	1023	0
69	123	216	239	300	414	476	572	623	759	850	861	947	969	0
66	113	117	145	374	474	776	856	957	967	977	0
23	97	124	146	261	303	307	456	479	541	711	739	812	827	931	973	983	0
12	280	444	470	591	651	702	892	924	929	949	989	0
12	13	209	263	296	321	349	369	488	512	599	731	746	764	877	920	971	977	0
9	219	288	369	510	561	568	683	728	764	768	833	878	887	909	953	0
78	99	104	109	169	231	356	403	405	440	465	477	480	492	497	538	571	598	601	638	706	765	825	910	973	0
26	69	72	75	123	145	178	187	191	217	240	352	463	467	546	569	575	700	1012	0
113	235	238	240	404	539	546	588	628	672	716	726	729	776	802	844	866	922	948	0
39	58	63	71	78	129	149	167	168	181	235	317	367	407	546	622	698	747	930	1010	0
126	342	361	400	461	525	599	634	683	735	779	826	870	1006	0
3	88	129	153	183	272	288	362	429	472	497	607	628	631	677	748	768	940	1020	0
103	163	194	228	242	282	298	318	354	357	405	495	514	543	616	650	694	730	807	893	1012	0
44	68	88	115	149	178	250	290	415	426	433	436	547	568	637	693	767	863	872	876	943	955	1004	0
32	42	73	155	190	290	310	367	393	409	440	508	545	548	736	739	899	908	972	976	1017	0
17	137	142	266	299	438	709	781	883	890	951	0
10	116	369	377	457	473	614	697	721	752	753	769	847	902	924	0
8	80	107	237	283	658	696	706	728	744	754	856	0
230	253	290	293	314	385	461	488	503	549	621	694	797	827	846	910	964	0
200	204	248	281	450	466	507	558	590	609	693	761	814	904	969	980	986	1023	0
101	125	182	320	351	370	498	509	620	753	759	784	872	896	0
159	211	275	410	411	426	616	674	694	736	738	764	811	975	997	0
38	86	235	277	633	689	708	739	800	818	861	878	887	963	1014	1023	0
50	73	264	348	364	411	590	625	649	840	0
26	199	207	314	366	412	442	444	466	469	688	707	726	774	844	913	969	0
63	114	158	207	292	314	320	544	559	643	708	733	738	804	905	1018	0
80	327	332	365	522	592	623	646	652	663	668	721	725	772	818	836	912	0
78	141	258	284	329	530	545	735	0
66	288	374	416	424	466	579	617	669	734	749	756	834	888	964	0
7	36	48	60	75	191	245	363	399	407	564	715	815	905	916	0
84	156	351	457	520	579	592	658	674	690	739	810	1013	0
36	49	53	165	188	316	357	473	513	520	521	758	821	0
8	43	129	219	608	629	686	857	894	920	929	969	0
6	30	31	63	244	280	282	351	362	380	466	468	680	763	791	940	1018	0
50	116	210	415	434	517	532	631	641	833	886	897	944	0
24	88	165	168	169	184	207	261	439	529	575	593	631	787	804	843	906	916	981	1023	0
55	123	182	237	240	297	320	332	356	425	492	585	656	678	768	788	790	792	850	869	882	893	904	908	1005	0
54	121	141	164	269	341	400	419	475	549	614	735	825	864	905	997	0
44	122	137	254	414	433	642	672	675	690	799	918	941	0
68	163	224	225	255	331	340	382	436	454	457	525	715	716	783	812	1015	0
52	209	215	245	256	320	333	338	354	423	489	585	730	741	784	0
23	32	145	194	281	488	560	630	681	683	801	804	837	909	941	947	0
102	138	151	206	211	245	392	429	456	539	543	610	625	722	784	877	918	932	994	1007	0
68	119	139	142	172	236	278	349	379	508	522	553	563	665	716	737	747	781	869	1000	0
19	20	222	605	616	730	784	1017	0
4	62	89	232	237	359	531	534	594	616	722	816	0
84	183	215	272	304	366	534	553	570	603	613	646	670	921	993	1017	0
134	142	266	273	281	441	844	902	978	0
78	120	141	162	392	409	457	459	473	483	555	571	578	599	633	713	740	841	853	966	975	1018	1019	0
4	63	65	144	223	232	265	272	365	512	524	529	544	556	571	664	766	855	907	934	945	1016	0
37	72	79	116	142	237	246	370	419	439	481	547	645	911	976	1007	0
153	219	283	404	514	570	616	786	811	831	918	0
122	233	234	257	265	289	292	302	349	357	420	486	514	656	661	770	850	871	910	920	946	0
36	184	292	335	427	452	712	739	789	829	865	0
61	86	116	174	191	206	285	299	340	358	376	441	443	508	582	589	756	823	875	0
236	240	343	443	458	488	578	686	704	1021	0
75	133	165	171	257	439	463	483	531	556	600	621	711	773	783	789	864	0
131	265	319	370	434	556	601	622	733	868	989	0
45	84	173	283	336	378	459	499	525	582	642	948	0
42	118	128	203	325	401	469	542	711	712	760	879	916	943	981	1018	0
4	10	58	226	238	268	416	470	566	655	664	917	0
33	54	69	96	106	123	167	465	470	520	522	600	714	746	920	937	979	998	0
137	175	259	320	330	372	379	393	527	557	652	778	818	892	944	0
85	105	211	226	276	371	411	423	533	559	568	569	598	652	702	728	769	799	924	957	971	1013	0
48	138	200	296	356	451	497	517	574	750	787	860	929	966	968	969	1010	0
12	62	89	122	320	428	446	555	680	944	949	989	1000	1024	0
23	95	141	246	290	299	302	313	433	472	654	767	873	946	999	1005	0
22	40	58	141	366	439	472	487	571	575	614	669	738	777	0
101	138	146	284	545	578	583	594	604	674	733	793	818	840	876	1019	0
87	246	309	322	466	503	529	618	697	840	954	972	997	0
124	130	143	323	371	388	426	580	645	677	770	774	810	816	847	972	0
82	136	200	269	351	468	597	609	697	733	903	945	0
121	385	433	468	498	621	636	921	923	962	976	0
11	23	125	170	197	226	256	285	357	482	532	543	562	646	652	665	671	779	826	827	866	1016	0
21	84	124	379	388	516	531	734	743	934	1008	0
13	78	96	185	290	391	393	482	505	583	617	703	738	802	852	905	919	962	0
27	45	63	81	129	339	401	485	548	681	852	923	939	946	1001	1019	0
36	176	200	280	365	423	579	611	666	669	694	754	785	855	897	914	915	921	973	1006	1015	0
111	180	204	268	295	348	380	405	453	509	536	621	683	710	758	821	999	1001	0
181	217	252	311	611	612	636	666	669	681	705	713	750	766	821	863	872	892	1008	0
58	179	186	229	345	397	442	476	484	501	611	953	0
88	220	290	316	481	501	533	568	688	709	801	845	858	867	889	987	991	995	1001	1005	1017	0
93	143	249	290	300	384	443	471	586	673	898	920	1005	0
19	34	47	228	265	363	485	565	637	799	0
7	66	107	161	249	341	379	475	494	527	600	612	721	835	838	855	1002	0
81	199	218	362	377	410	499	575	586	629	632	637	721	723	729	753	782	862	895	897	1006	0
26	100	144	171	195	286	312	331	386	521	594	666	732	776	854	0
27	50	75	202	255	352	381	455	470	500	671	832	876	890	926	934	974	986	0
10	202	299	557	568	579	633	711	774	1004	1006	1015	0
3	50	70	74	215	258	398	425	430	464	478	569	582	639	655	733	789	865	0
110	133	298	325	356	459	473	501	668	699	832	864	877	948	1006	0
40	60	329	382	400	436	510	543	548	653	728	840	862	0
40	88	193	204	213	396	555	558	559	562	667	732	771	816	817	839	1014	0
19	39	53	195	249	394	428	511	585	617	634	635	796	847	0
106	124	128	181	244	250	352	397	434	450	461	465	479	557	606	623	633	690	734	739	963	966	979	0
2	42	74	170	211	215	248	328	366	408	561	687	725	739	783	885	1022	0
45	58	72	87	98	140	166	223	246	254	283	307	359	370	400	452	516	574	585	622	756	772	795	865	890	977	0
28	90	233	383	405	454	561	592	647	654	663	722	829	942	0
146	189	192	304	405	501	543	582	700	715	766	868	879	886	897	0
101	233	364	410	551	644	764	818	841	956	986	0
46	77	178	216	347	403	558	697	743	873	967	0
23	64	65	78	343	456	482	506	516	582	635	640	710	853	897	955	0
69	98	117	122	140	172	174	208	296	306	312	388	408	441	475	602	650	686	748	784	800	861	952	1015	0
81	125	129	263	265	284	335	337	370	382	401	406	429	472	477	482	535	562	643	684	733	927	0
74	272	283	309	390	409	511	613	634	684	690	700	823	824	856	0
67	76	186	234	258	311	408	413	644	796	849	952	1004	0
217	296	391	487	498	635	638	667	834	857	0
4	122	154	173	251	622	732	797	825	832	874	0
145	161	273	323	338	439	522	536	570	577	638	639	681	705	709	749	765	852	912	1011	0
20	83	101	138	139	230	264	344	359	494	495	513	565	630	687	719	780	854	906	0
53	116	127	198	266	292	340	368	454	498	505	518	604	658	829	886	0
28	79	105	110	113	139	157	289	379	543	628	642	740	912	918	964	978	996	0
13	94	100	110	251	265	329	419	500	528	579	607	718	732	812	986	995	1006	0
7	479	579	748	770	850	912	970	976	991	0
89	142	233	277	284	300	388	393	462	502	513	550	558	833	839	0
144	172	176	205	356	360	435	521	541	761	827	975	0
22	208	252	465	531	577	696	728	785	804	838	943	0
273	429	580	801	837	844	943	1012	0
35	49	60	171	184	222	229	268	483	506	600	634	756	821	891	940	948	959	965	972	0
76	83	121	207	226	231	316	345	438	507	552	582	653	676	698	746	829	1003	0
6	132	351	408	451	542	690	716	734	747	805	846	889	904	1015	0
12	25	32	80	122	125	142	151	216	230	289	307	325	339	371	392	397	424	446	517	527	719	784	791	924	1017	0
23	56	119	169	197	199	376	546	594	623	656	664	680	732	758	875	1013	0
41	68	82	312	426	588	616	800	907	978	998	0
11	13	96	141	183	369	382	398	408	495	677	761	768	827	961	1011	0
5	176	189	219	221	256	633	814	848	1001	0
18	39	51	190	410	663	675	709	710	855	909	1024	0
150	154	325	363	408	431	463	487	489	577	649	691	802	870	876	912	976	1005	0
42	47	206	254	467	674	721	761	816	835	875	957	990	0
52	86	187	197	224	422	484	499	721	752	790	838	895	902	910	0
78	83	94	188	211	240	241	306	360	361	371	522	554	626	627	632	704	753	770	937	985	0
109	189	204	273	275	284	285	431	432	444	489	807	846	945	978	1021	0
33	131	291	396	557	639	659	662	735	927	1000	1018	0
28	190	407	588	612	662	736	959	1009	1019	0
15	52	146	171	314	351	353	378	385	508	573	739	784	963	996	0
39	85	191	214	260	339	540	558	664	682	700	716	717	763	923	928	931	978	987	0
82	133	180	189	399	488	493	526	593	657	951	961	985	0
1	19	43	140	195	203	207	209	285	469	479	534	564	643	653	658	695	720	745	843	935	969	0
19	62	96	135	164	183	232	339	356	418	433	464	574	633	686	782	846	858	891	947	1016	0
71	74	137	229	241	338	377	480	534	566	587	589	617	681	703	753	770	989	998	0
42	202	218	243	250	448	465	528	537	632	776	970	0
121	129	209	233	263	368	416	420	448	533	556	575	621	660	829	868	1012	0
159	179	183	327	391	407	443	444	506	526	530	620	660	675	680	763	835	844	997	1004	0
61	101	104	132	164	201	242	300	321	377	411	526	583	866	886	945	978	0
16	22	52	144	150	164	200	214	276	304	347	414	568	751	810	827	944	957	976	996	0
71	145	168	216	217	375	478	483	487	504	594	696	760	784	968	1021	0
68	157	268	293	323	348	470	486	611	632	722	742	780	954	985	1005	1014	0
105	218	258	382	415	492	578	616	628	723	833	877	910	974	0
118	120	137	225	260	367	429	532	590	614	656	768	952	0
25	74	139	158	199	243	270	317	374	379	396	553	782	825	833	846	849	926	0
75	93	225	240	243	326	363	383	391	445	473	507	627	712	830	979	0
39	68	91	110	232	377	410	419	475	490	550	676	746	762	945	0
44	66	127	262	359	391	541	603	650	658	667	740	991	996	0
52	110	157	188	244	252	294	416	494	537	549	725	1003	0
1	49	53	101	124	138	168	300	343	392	544	595	764	795	877	915	970	0
55	111	143	166	177	220	365	381	382	437	590	631	689	819	912	942	0
88	284	307	356	446	485	584	653	718	726	767	784	868	911	954	983	986	991	0
16	74	127	145	155	189	332	402	424	446	513	618	621	654	773	777	785	823	0
140	208	235	237	243	326	514	585	654	783	857	0
35	109	355	435	466	477	708	725	745	797	871	924	929	0
121	130	184	207	306	389	478	531	632	713	762	784	941	979	0
70	184	206	214	238	313	416	431	477	668	725	731	753	789	874	0
31	49	52	102	263	296	354	363	465	655	678	715	731	754	766	800	877	895	991	1006	0
38	152	181	216	231	237	322	379	458	490	497	613	798	904	919	982	0
234	414	419	438	533	590	599	645	681	774	856	859	861	875	903	920	0
28	100	115	176	184	314	351	399	488	548	564	568	657	667	723	733	772	995	0
2	67	267	270	406	463	472	689	709	825	0
10	87	278	383	587	724	825	902	940	941	946	977	0
172	196	349	459	464	640	777	783	807	1013	0
114	117	157	202	347	419	563	642	665	808	919	942	955	995	0
59	69	417	551	606	668	697	786	790	799	859	1022	0
16	118	130	179	201	258	265	314	317	326	338	397	422	435	464	503	563	626	652	690	823	911	917	948	0
80	126	275	277	306	374	546	548	560	680	704	752	780	800	809	830	912	958	0
83	94	136	164	295	366	503	607	658	740	794	820	825	998	1021	0
70	132	134	142	217	283	444	546	660	698	756	999	1014	1023	0
15	103	114	152	359	458	548	567	619	820	824	883	989	997	0
229	281	322	359	471	489	501	547	578	715	751	764	811	869	907	0
114	214	232	320	429	943	0
9	167	191	367	374	428	429	498	547	659	673	697	835	897	956	982	0
38	225	288	298	324	380	390	429	514	635	688	851	880	937	957	982	0
79	95	161	179	207	257	269	363	413	447	509	522	597	642	740	883	955	990	1000	0
77	80	119	287	289	306	444	650	656	751	780	812	907	951	967	0
106	136	279	284	301	308	451	674	757	0
220	257	283	289	305	311	378	384	750	883	0
104	133	186	234	337	415	485	486	704	790	955	1004	0
103	144	149	176	199	216	225	233	430	581	618	638	656	734	971	1005	0
2	129	133	195	292	320	351	496	498	639	797	822	835	0
4	74	248	296	393	476	558	594	694	885	944	1020	0
14	50	52	174	242	438	445	553	554	568	593	660	712	721	0
2	54	109	130	172	346	389	466	560	640	662	665	809	878	927	0
36	101	115	158	279	294	316	340	343	365	456	589	597	724	947	0
68	77	137	149	456	516	824	976	989	0
23	43	57	92	96	115	274	436	488	491	542	559	561	638	759	781	866	915	0
41	75	170	247	322	395	429	728	739	786	789	908	915	945	947	974	985	1024	0
58	156	196	220	345	364	441	510	563	845	903	917	0
7	18	64	67	167	186	238	351	385	414	440	695	761	807	864	865	925	957	962	0
83	182	285	316	398	418	438	439	558	594	622	685	782	810	813	892	935	973	979	0
287	444	618	669	797	819	879	891	899	941	963	1005	0
2	11	198	261	336	429	443	446	467	500	568	678	709	714	734	800	814	824	915	996	0
108	114	172	255	356	357	525	603	613	702	719	748	789	886	938	941	972	979	0
56	118	167	181	312	492	688	746	756	806	838	866	919	958	1008	0
33	223	280	317	579	601	739	751	813	951	954	965	1012	0
165	188	223	254	324	371	442	455	0
3	57	65	227	231	263	268	335	386	466	467	472	581	763	884	929	949	0
3	162	208	286	361	442	456	533	584	624	693	850	853	896	0
131	275	465	466	483	516	548	668	708	723	753	828	0
40	128	159	259	332	365	401	430	451	526	613	742	817	894	904	949	1020	0
22	52	130	199	276	313	378	396	446	471	475	613	702	761	849	917	928	932	0
76	172	224	270	280	317	607	660	711	847	926	0
80	145	252	255	455	458	493	749	811	876	892	927	943	0
4	36	59	71	274	380	383	518	534	639	920	948	990	0
10	91	103	155	304	334	373	419	436	440	581	586	591	642	647	866	881	990	0
24	101	217	220	391	449	526	535	540	634	698	707	0
4	170	196	276	328	354	403	453	458	503	512	694	722	745	872	884	962	963	0
48	133	225	469	486	549	820	823	943	961	0
96	121	331	453	470	536	609	659	702	740	770	842	882	945	961	970	975	0
46	50	119	140	175	236	259	305	347	362	556	562	653	674	703	729	766	776	859	1019	1023	0
40	42	168	320	365	471	487	550	713	866	949	0
66	114	144	228	341	374	413	553	554	566	620	642	740	796	812	842	0
17	18	24	77	219	279	399	424	449	514	520	563	564	610	732	749	848	929	1002	1004	0
44	273	577	713	812	893	0
80	89	135	180	312	430	495	497	528	540	657	687	711	748	767	772	780	812	885	0
101	116	175	303	324	446	575	640	665	861	888	902	963	0
42	270	271	292	370	379	429	531	666	744	752	811	933	0
76	108	315	336	535	585	622	740	744	762	817	818	866	947	1017	0
134	163	170	196	229	411	488	513	526	649	733	750	754	825	944	978	0
39	245	366	422	595	600	627	668	835	895	941	1003	0
21	34	102	137	509	560	599	626	769	796	863	963	0
89	102	109	145	348	374	463	581	599	715	762	798	820	861	875	892	939	0
114	178	188	335	690	735	749	752	844	915	0
58	96	119	279	303	312	354	528	571	720	795	859	871	879	883	891	973	0
207	247	292	308	333	342	387	452	460	497	575	594	595	617	675	738	746	809	842	898	908	944	947	1008	0
73	87	203	244	263	272	280	388	511	687	746	767	0
74	239	347	351	379	395	406	457	510	511	556	633	783	807	987	0
92	157	207	271	294	411	482	700	721	743	911	926	927	1010	0
12	18	43	94	201	228	314	374	472	484	547	652	727	733	750	904	987	0
14	62	79	83	102	132	154	198	201	290	389	427	449	451	577	639	997	0
68	89	324	382	390	407	494	526	539	577	675	676	878	884	894	941	1024	0
134	165	257	367	383	448	584	635	706	767	835	847	860	904	0
4	11	54	59	97	174	184	243	271	363	586	829	883	981	983	0
182	290	296	412	455	533	585	625	635	666	0
64	76	124	150	228	236	260	284	403	751	805	813	887	923	939	1004	0
18	28	71	140	192	201	282	333	419	424	476	478	519	530	627	712	876	928	958	959	0
40	68	159	349	381	504	560	590	615	638	706	829	861	900	904	910	1007	1009	1018	0
67	86	111	113	139	156	167	174	214	218	309	372	472	557	0
1	5	79	119	194	251	281	343	398	629	674	695	715	746	794	0
184	213	214	220	251	292	381	386	457	473	478	535	548	552	624	671	672	698	790	1016	0
59	65	66	101	117	333	363	458	560	581	615	829	860	913	917	0
44	105	117	148	258	400	461	502	549	643	645	650	686	739	859	882	892	900	946	1012	1014	0
260	296	339	505	558	604	626	634	643	722	769	785	817	890	923	984	0
50	74	77	111	155	170	183	277	406	502	537	566	651	705	710	719	737	809	871	887	921	1009	0
8	18	23	109	126	128	176	235	292	337	508	573	664	669	713	814	826	922	0
42	72	147	204	235	376	388	479	491	628	659	662	716	721	736	791	813	880	928	1024	0
2	148	255	300	330	394	427	516	525	556	593	653	664	824	826	829	873	0
52	139	376	421	594	635	735	832	967	0
18	58	83	129	142	232	343	400	524	657	867	901	974	0
27	60	81	160	326	352	428	597	697	726	738	761	836	853	890	932	967	989	0
32	61	82	139	151	224	413	486	495	519	540	589	784	814	829	830	875	894	933	945	0
122	143	233	328	400	488	528	594	604	626	758	825	833	836	838	860	910	0
17	75	136	191	204	230	270	308	429	619	663	692	790	798	991	0
58	125	202	226	248	363	393	429	463	552	627	690	822	827	948	979	0
8	36	77	153	183	190	260	279	319	366	461	644	668	881	991	998	0
8	15	21	23	41	91	106	109	170	191	234	316	336	529	626	711	757	812	982	1024	0
27	65	332	340	346	465	476	533	543	546	602	612	628	633	856	872	0
18	36	80	98	121	305	351	404	408	454	475	518	530	556	673	701	755	760	865	889	949	996	0
36	69	72	95	137	218	226	261	287	327	350	367	400	425	446	448	508	701	714	740	778	811	870	916	0
35	167	194	238	299	337	341	377	469	513	631	662	670	673	770	840	894	922	996	1020	0
78	127	146	190	412	492	498	528	543	570	585	590	604	626	679	737	787	825	836	850	868	0
13	50	52	80	94	164	523	539	619	683	797	821	886	994	0
22	27	40	45	54	178	243	282	306	349	511	548	762	792	794	829	869	972	0
69	88	97	144	171	182	388	498	528	537	546	773	781	796	807	880	991	0
1	17	28	65	133	150	206	223	247	320	374	540	579	796	816	824	881	964	0
16	18	76	91	105	121	222	225	250	294	328	367	420	452	478	586	759	935	954	1014	0
69	70	162	183	235	254	370	408	422	462	482	531	583	603	638	677	744	803	879	893	921	0
34	37	73	106	151	241	360	405	479	532	646	843	918	0
64	128	184	243	302	331	390	470	499	562	580	705	747	767	770	783	922	964	0
16	95	101	199	254	345	367	401	546	552	651	736	813	874	941	985	1000	1010	0
