1024
5	223	0
868	0
360	614	0
306	861	0
1	797	998	0
623	0
0
40	360	370	558	0
0
56	199	495	0
398	0
924	0
33	0
0
450	852	0
0
672	0
497	921	0
225	686	0
121	480	877	0
314	791	0
981	0
485	903	0
116	0
230	892	0
66	748	762	0
0
0
0
98	701	0
0
1018	0
13	274	355	569	906	0
214	461	851	0
932	0
359	535	769	0
967	0
359	757	0
365	527	0
8	0
139	845	0
117	0
591	0
285	306	577	743	0
115	424	0
625	0
0
555	627	0
743	846	0
129	284	809	0
544	970	0
56	0
244	400	481	590	0
511	688	0
657	0
10	52	159	280	421	0
478	761	0
396	410	974	982	0
916	0
653	0
66	398	473	0
0
292	0
418	615	0
580	701	806	0
26	61	198	795	968	0
1000	0
945	983	0
236	270	426	479	782	0
219	0
153	677	860	955	0
374	665	799	877	0
77	233	265	0
82	0
0
406	495	723	861	938	0
73	81	574	648	656	0
139	287	347	641	938	0
364	702	0
0
77	179	0
74	208	547	582	890	1012	0
422	595	886	0
91	197	508	620	657	693	0
135	714	0
861	1020	0
340	0
318	406	831	872	0
142	0
634	0
84	0
160	716	842	0
346	0
418	0
0
855	884	0
471	0
30	949	0
544	938	0
326	372	600	882	0
212	1019	0
830	0
528	0
947	0
257	431	0
562	0
247	624	719	0
595	982	0
298	0
0
254	349	695	920	981	0
649	0
518	702	0
729	0
45	251	297	0
24	323	399	682	781	951	0
42	402	0
262	873	0
0
234	924	1020	0
20	257	416	647	740	0
193	0
138	555	0
590	0
437	0
146	725	773	0
146	587	0
0
50	316	323	0
0
0
208	434	599	878	926	0
289	380	533	590	0
0
85	512	0
0
0
123	366	367	534	0
41	78	0
660	819	0
991	0
89	380	453	810	0
555	940	0
181	848	960	0
669	875	0
126	127	695	0
234	344	793	0
496	811	0
475	850	0
0
631	0
610	0
71	472	658	0
0
160	296	1016	0
914	0
339	837	0
285	344	624	698	818	0
56	432	733	796	0
92	155	341	767	0
172	557	634	0
409	701	873	0
219	474	803	0
268	280	0
220	253	855	967	0
545	918	0
646	898	0
228	280	0
0
606	0
0
161	621	1010	0
472	568	859	0
0
193	600	0
553	714	834	0
0
217	0
81	0
909	931	0
144	261	341	564	935	988	0
411	933	0
470	491	507	637	888	0
230	462	0
981	0
546	0
299	481	485	0
0
0
753	955	0
0
976	1003	0
122	175	234	483	555	0
0
0
0
84	355	547	746	0
66	970	1010	0
10	701	0
553	0
699	0
357	663	0
384	842	0
417	433	701	1021	0
359	0
354	833	0
1020	0
82	132	397	864	0
308	0
566	0
470	728	893	0
101	480	0
0
34	0
0
566	0
178	758	798	0
608	0
70	163	610	0
165	423	0
0
488	775	0
1	0
0
19	913	0
783	0
461	976	0
168	825	0
0
25	184	384	609	905	950	0
1018	0
290	442	740	807	0
73	360	0
120	147	193	361	685	887	0
1021	0
69	926	0
246	566	0
0
697	0
243	397	410	0
866	0
507	615	0
240	0
53	984	993	0
355	454	520	985	0
237	757	816	943	991	0
107	618	911	0
0
412	540	617	689	940	0
0
115	496	583	792	925	962	989	1012	1018	0
0
165	519	740	958	0
111	979	0
432	705	762	983	0
434	898	971	0
105	121	0
283	511	519	865	0
569	0
427	481	573	0
181	0
118	860	975	0
511	816	945	0
0
73	1018	0
0
306	379	884	0
164	605	968	0
468	995	0
69	491	0
324	728	0
0
292	388	0
33	412	612	690	934	1018	0
664	983	992	0
828	991	0
822	0
541	555	980	0
637	0
56	164	168	307	453	0
604	879	0
970	0
258	796	0
50	0
44	158	694	0
704	0
78	600	0
0
133	0
232	0
432	955	0
63	273	453	704	1007	0
0
0
750	0
155	417	449	0
115	596	0
109	808	0
187	482	613	835	0
827	893	0
0
0
353	422	1024	0
634	682	733	906	0
351	855	0
4	44	267	0
280	408	0
209	969	0
377	847	0
356	0
472	0
797	0
632	0
21	681	0
0
129	854	874	980	0
0
88	665	0
339	348	682	683	0
399	539	801	980	0
762	967	0
0
116	129	802	942	0
271	352	910	0
0
100	420	564	666	787	0
678	0
882	0
844	901	902	0
445	0
912	0
414	493	602	916	0
784	971	0
1021	0
714	0
545	0
0
365	390	0
157	319	503	796	0
87	885	0
160	181	874	967	980	0
1018	0
578	0
147	158	0
0
93	538	795	0
78	0
319	774	0
111	871	0
956	0
305	428	766	0
324	485	588	0
303	371	477	837	0
206	622	850	0
33	197	245	0
310	0
202	525	0
433	0
36	38	205	0
3	8	233	0
234	0
420	560	580	715	0
0
79	0
39	338	0
138	1006	0
138	965	996	0
415	889	0
672	805	0
8	796	0
353	498	0
100	699	0
587	0
72	394	0
0
809	0
309	501	0
403	426	468	572	973	0
267	0
133	142	0
0
940	0
610	0
203	230	0
995	0
0
0
273	469	1011	0
519	0
338	0
494	0
722	872	0
420	511	0
374	732	970	988	0
0
58	0
208	240	0
11	61	0
116	320	638	928	0
53	0
0
117	0
378	470	0
0
408	718	859	0
76	88	795	866	0
856	0
307	405	0
162	565	0
58	240	0
182	0
249	274	605	0
514	0
332	484	806	869	1013	0
368	932	0
121	753	934	0
204	296	0
64	94	0
536	0
326	362	393	522	0
56	982	0
83	303	606	0
220	0
45	818	0
658	0
69	378	759	0
260	811	835	0
351	720	0
1016	0
0
105	923	0
159	255	291	580	944	0
204	358	904	0
132	256	798	803	0
869	0
0
125	470	898	959	0
0
910	0
0
0
232	444	731	0
632	726	919	0
442	668	744	996	0
330	466	687	0
0
891	0
580	640	0
296	727	0
15	0
538	0
872	0
142	280	292	713	0
245	458	0
672	921	922	0
972	0
678	714	753	0
454	489	626	0
0
611	0
34	227	0
184	581	669	899	0
506	0
0
0
445	637	0
0
269	378	785	791	0
388	0
183	211	403	437	0
97	669	899	0
153	173	311	0
61	0
163	896	0
149	670	692	0
0
353	532	0
57	0
69	0
20	212	874	0
53	187	260	605	665	0
299	646	0
193	774	837	0
414	580	822	955	0
23	187	352	0
0
994	0
222	855	0
458	0
664	0
183	270	657	0
0
332	0
391	658	0
10	76	612	788	801	977	0
148	251	914	0
18	0
371	0
0
646	807	0
377	783	0
0
339	606	0
0
811	849	0
463	845	979	0
183	242	584	1017	0
84	780	0
817	0
582	933	0
54	258	263	393	650	0
135	727	790	798	970	0
765	889	0
413	0
747	1018	0
574	632	895	900	0
617	830	975	0
113	812	843	0
253	258	389	748	0
245	570	0
575	1020	0
420	595	631	0
585	0
533	987	0
357	950	0
558	596	0
39	618	991	0
103	833	0
705	713	0
613	0
655	0
477	688	930	1009	0
133	524	708	927	0
138	661	0
36	769	809	0
419	707	721	0
738	813	0
346	451	1000	0
320	1021	0
249	578	982	0
278	737	831	0
1021	0
564	665	861	867	886	0
51	99	576	0
166	336	0
186	0
82	197	0
678	780	911	1017	0
857	0
774	0
706	0
0
176	200	0
0
48	123	143	193	278	869	0
0
161	788	967	0
8	526	0
0
362	819	0
0
106	959	0
0
181	326	543	989	0
409	0
210	216	237	990	0
748	815	0
173	0
33	259	831	1008	0
520	816	0
688	0
378	816	0
260	641	997	0
77	516	0
521	651	813	0
544	599	896	0
44	761	0
343	540	629	0
661	0
65	362	432	448	484	925	0
462	590	801	0
82	510	0
251	0
507	0
523	609	0
899	0
127	373	935	0
352	0
742	0
53	124	133	581	0
43	0
0
0
860	970	985	0
83	108	522	959	0
297	526	666	0
0
0
132	576	0
100	175	287	0
901	1011	0
332	649	0
0
281	0
268	412	481	0
170	422	503	643	746	997	0
1009	0
218	756	758	0
230	585	0
152	219	383	613	0
460	629	0
274	495	0
299	530	610	0
3	749	0
64	242	770	0
862	0
249	517	625	663	0
247	527	686	0
863	0
84	0
172	0
354	714	740	767	0
6	856	0
107	158	0
46	617	0
458	818	989	0
48	814	833	0
0
578	611	691	0
0
151	522	0
313	443	516	959	0
964	0
90	161	304	0
0
732	948	979	0
183	279	466	0
399	0
778	952	0
448	0
78	573	689	941	0
0
606	935	1001	0
0
0
167	482	500	753	0
121	0
77	705	1017	0
112	602	884	0
511	847	0
575	0
707	801	0
60	0
957	0
531	846	0
77	800	916	0
55	84	491	0
153	425	494	842	0
887	954	0
140	873	0
534	579	960	0
0
202	617	0
275	490	912	0
72	318	481	543	731	983	0
326	596	0
0
444	0
145	462	471	0
475	0
797	0
17	369	455	0
860	0
0
0
0
71	0
327	457	548	938	0
0
942	0
314	714	0
116	304	319	684	939	0
319	0
682	0
234	709	0
19	618	979	0
445	818	0
54	532	571	0
249	641	0
274	905	1018	0
629	811	0
475	903	0
84	0
285	0
111	146	937	0
0
239	0
158	0
201	372	0
0
30	65	162	199	204	731	0
79	113	0
0
286	292	0
255	529	648	0
551	0
536	652	880	0
533	746	0
685	879	984	0
721	854	0
0
761	0
453	529	0
85	176	335	457	622	681	0
362	786	0
92	0
0
405	0
107	0
428	907	932	0
536	710	0
392	0
76	0
0
126	996	0
443	0
449	512	872	0
211	271	946	0
114	746	837	0
0
442	665	701	815	0
394	636	933	0
159	304	1004	0
0
0
0
541	0
537	809	0
0
121	232	253	622	0
0
589	0
44	49	0
444	0
1013	0
197	606	708	729	777	0
515	865	0
26	519	567	0
614	753	0
295	0
0
0
190	416	457	646	749	868	905	0
958	0
0
608	0
38	246	0
217	608	0
426	0
879	0
57	577	712	0
26	255	321	0
0
0
513	0
351	0
160	622	787	0
0
36	535	0
615	0
0
0
126	910	0
348	483	550	0
222	0
0
746	0
639	854	949	0
881	0
508	548	973	0
116	855	930	0
69	0
226	501	0
333	0
468	852	969	0
715	0
326	767	0
495	557	0
0
512	0
21	468	0
251	935	0
147	0
0
66	346	406	990	0
159	283	339	370	0
5	312	671	888	0
217	434	512	0
72	0
656	0
320	495	581	652	0
323	941	0
163	434	0
0
369	967	0
65	414	0
232	500	983	0
298	838	0
50	376	535	738	0
142	0
148	427	505	691	0
518	0
537	575	831	883	0
627	930	0
567	731	0
246	263	570	572	991	0
509	0
158	424	626	687	0
140	560	887	0
0
883	0
277	484	878	0
0
1017	1020	0
228	0
0
300	0
276	0
986	0
102	517	0
88	541	569	813	0
0
206	528	627	0
176	986	0
299	427	0
0
157	353	483	729	0
808	887	0
908	976	0
0
0
92	203	658	0
518	0
329	898	0
41	506	0
49	655	0
309	650	0
144	0
505	0
149	354	975	1005	0
34	0
15	785	0
0
316	710	778	994	0
96	165	305	488	781	0
407	623	0
549	901	977	0
0
173	405	0
71	262	594	673	928	0
4	76	86	543	985	996	0
616	1020	0
619	0
208	0
258	747	0
241	406	903	0
543	0
2	753	0
414	435	555	0
0
349	932	0
88	392	452	727	941	0
118	162	660	0
316	341	480	0
145	0
0
20	72	0
132	822	0
281	709	760	935	0
707	0
779	0
100	328	0
813	821	0
96	267	649	0
340	0
83	543	1013	0
234	659	819	838	932	0
183	797	0
368	513	0
82	913	0
447	0
25	1012	0
211	300	0
0
516	0
474	576	905	0
906	0
167	256	437	844	0
462	471	586	0
516	955	0
329	601	857	0
329	944	0
23	692	866	0
433	0
230	690	753	896	0
33	304	897	0
720	0
839	0
180	1019	0
324	439	773	0
247	548	986	0
331	664	0
225	890	0
156	496	989	0
0
59	332	656	0
0
166	0
443	0
111	0
18	455	0
455	930	0
431	0
12	120	0
251	580	0
132	236	0
533	0
399	860	0
0
532	781	814	922	958	0
180	0
35	415	720	871	887	0
182	510	732	0
274	416	0
181	587	643	792	879	0
0
695	0
76	78	99	678	948	0
682	0
143	249	382	0
641	802	872	0
323	680	0
246	0
432	902	0
68	263	0
728	0
104	0
636	938	0
98	778	0
230	525	1011	0
116	981	0
639	0
0
659	0
71	190	291	484	900	0
350	0
654	0
253	754	930	0
437	562	595	632	0
144	661	985	0
0
251	0
0
633	0
367	0
0
37	165	321	341	557	805	0
66	268	0
308	785	0
51	198	282	394	512	594	0
256	333	0
456	0
378	780	0
58	0
262	517	850	0
192	227	839	0
495	857	0
0
254	506	636	686	0
278	316	320	341	0
22	111	185	951	0
58	108	421	540	0
68	255	275	665	807	1020	1022	0
244	709	0
245	594	861	960	0
829	834	911	0
524	0
181	394	0
251	564	626	914	0
566	795	0
141	246	276	527	816	0
275	0
244	0
487	854	0
269	385	0
367	444	725	861	0
573	606	0
5	0
0
67	538	0
643	0
0
192	0
733	0
850	0
366	0
292	0
569	0
532	607	0
172	198	0
388	601	950	0
82	251	892	0
414	745	886	0
0
0
155	429	0
507	548	648	824	0
32	231	251	265	274	342	515	690	0
101	909	0
86	120	207	521	824	862	983	0
204	235	334	539	542	0
983	0
0
303	0
