128
121	0
0
87	0
31	38	54	0
108	0
118	0
0
126	0
45	0
0
26	35	112	0
39	114	0
0
0
45	0
86	0
119	0
0
0
0
0
64	0
26	92	104	0
40	44	0
0
11	23	54	114	0
0
33	81	0
0
101	111	0
4	93	0
115	0
28	0
0
11	0
123	0
80	0
4	0
12	86	0
24	0
64	0
79	0
104	0
24	46	83	108	0
9	15	0
44	0
50	0
89	107	0
0
47	0
0
0
0
4	26	107	0
0
122	0
0
105	0
107	0
91	97	0
107	0
0
0
22	41	0
76	80	0
81	92	0
125	0
0
100	0
0
0
0
0
121	0
0
65	112	0
0
0
42	0
37	65	101	0
28	66	0
0
44	0
0
92	0
16	39	0
3	0
0
48	0
122	0
60	0
23	66	85	0
31	0
102	0
0
0
60	0
0
0
69	0
30	80	0
94	0
0
23	43	122	0
58	0
0
48	54	59	61	0
5	44	0
0
0
30	0
11	76	0
0
12	26	0
32	0
0
0
6	0
17	0
0
1	74	0
56	90	104	0
36	0
0
67	128	0
8	0
0
125	0
