128
7	18	20	34	35	52	54	56	68	74	76	82	90	104	106	107	108	0
34	38	47	61	62	71	79	97	109	110	122	0
5	8	23	25	36	38	51	52	53	61	65	67	75	77	128	0
5	10	23	35	52	64	73	99	106	120	121	0
3	4	8	27	39	51	55	68	81	84	85	110	112	113	115	117	121	125	0
27	33	38	39	40	41	60	61	89	96	112	115	118	119	125	0
1	19	21	26	32	52	55	56	61	64	70	82	86	98	107	0
3	5	11	13	25	31	32	48	73	75	82	87	91	99	120	124	0
23	28	56	73	77	88	89	96	102	111	118	120	123	0
4	13	19	39	49	50	52	54	58	75	80	85	86	92	112	124	126	0
8	12	16	17	22	27	52	54	67	69	71	74	79	89	93	106	108	112	117	122	0
11	19	25	54	60	62	87	105	106	111	113	122	0
8	10	18	31	41	63	71	77	93	100	106	107	109	110	121	0
19	37	44	48	60	86	93	94	95	110	0
25	34	37	45	61	77	78	80	87	90	106	110	112	118	119	121	124	0
11	19	26	35	41	45	47	52	64	73	89	91	92	106	125	0
11	19	24	36	40	45	60	66	69	77	84	86	88	93	99	102	103	110	111	119	121	122	124	0
1	13	30	41	63	71	75	78	82	84	96	102	105	112	0
7	10	12	14	16	17	50	53	54	59	80	84	88	90	100	110	116	118	126	0
1	22	42	52	53	55	60	65	88	90	99	110	111	114	118	122	0
7	37	42	59	60	72	80	85	90	103	115	116	122	126	0
11	20	26	28	32	44	45	48	53	78	91	104	110	112	113	124	126	127	0
3	4	9	28	30	34	41	48	49	52	53	54	56	58	62	63	66	67	70	77	83	84	85	87	95	103	106	108	123	126	0
17	35	37	42	62	65	75	86	88	96	121	124	0
3	8	12	15	26	33	36	37	45	57	71	80	82	89	98	111	124	126	0
7	16	22	25	49	56	59	62	70	72	88	109	117	120	122	0
5	6	11	36	39	41	43	51	57	60	63	80	82	83	106	120	123	128	0
9	22	23	46	50	52	54	61	79	97	100	107	109	0
37	44	47	49	58	62	67	82	87	94	95	101	110	0
18	23	36	37	49	51	58	67	74	76	78	87	88	95	107	111	0
8	13	33	41	49	52	58	60	70	72	81	84	91	97	103	105	106	114	119	121	0
7	8	22	54	58	64	66	68	72	73	79	81	99	104	112	116	0
6	25	31	35	36	56	62	69	72	75	79	81	83	91	95	110	112	120	0
1	2	15	23	38	41	46	50	57	59	61	84	87	91	93	95	113	119	125	0
1	4	16	24	33	43	47	48	54	55	56	110	115	0
3	17	25	27	30	33	45	46	47	50	51	62	63	72	79	81	90	97	103	126	0
14	15	21	24	25	29	30	48	69	70	78	80	83	86	95	99	103	105	119	125	0
2	3	6	34	48	58	62	66	72	84	95	107	110	115	120	0
5	6	10	27	47	52	61	62	65	68	85	87	99	111	114	0
6	17	45	66	68	69	81	82	85	99	110	115	124	0
6	13	16	18	23	27	31	34	45	47	49	57	64	69	79	83	88	95	96	103	113	122	0
20	21	24	45	55	59	64	79	80	82	99	105	109	110	123	127	0
27	35	48	59	62	64	66	69	83	84	87	97	115	117	0
14	22	29	47	56	57	68	74	79	124	125	0
15	16	17	22	25	36	40	41	42	48	50	52	68	70	72	74	76	97	112	117	124	0
28	34	36	49	52	56	67	73	77	82	84	97	103	115	0
2	16	29	35	36	39	41	44	52	57	61	66	68	85	92	95	104	106	108	0
8	14	22	23	35	37	38	43	45	60	61	73	75	77	91	92	100	0
10	23	26	29	30	31	41	46	62	75	82	88	104	110	0
10	19	28	34	36	45	51	52	55	89	96	99	100	105	110	127	128	0
3	5	27	30	36	50	61	76	85	92	99	102	109	111	117	123	127	128	0
1	3	4	7	10	11	16	20	23	28	31	39	45	46	47	50	63	72	77	86	90	97	105	108	109	110	112	113	123	0
3	19	20	22	23	58	77	96	102	106	110	0
1	10	11	12	19	23	28	32	35	60	63	64	76	81	86	103	115	123	128	0
5	7	20	35	42	50	56	58	59	61	89	104	109	121	124	125	0
1	7	9	23	26	33	35	44	46	55	59	61	62	63	69	72	85	87	94	116	0
25	27	34	41	44	47	59	67	70	77	81	89	91	92	104	109	0
10	23	29	30	31	32	38	53	55	60	74	80	84	91	102	109	115	119	120	121	0
19	21	26	34	42	43	55	56	57	77	84	85	88	89	103	110	124	0
6	12	14	17	20	21	27	31	48	54	58	61	62	76	94	101	105	108	125	126	0
2	3	6	7	15	28	34	39	47	48	51	55	56	60	88	100	107	114	123	0
2	12	23	24	26	29	33	36	38	39	43	49	56	60	65	72	76	84	106	116	0
13	18	23	27	36	52	54	56	75	94	106	111	0
4	7	16	32	41	42	43	54	68	74	85	94	98	101	102	106	112	118	120	0
3	20	24	39	62	66	71	92	95	101	103	105	106	114	115	0
17	23	32	38	40	43	47	65	75	111	113	127	128	0
3	11	23	29	30	46	57	74	75	83	86	101	110	114	120	0
1	5	32	39	40	44	45	47	64	75	76	87	91	95	103	105	106	107	110	119	128	0
11	17	33	37	40	41	43	56	77	78	88	91	94	101	108	121	0
7	23	26	31	37	45	57	83	98	124	125	0
2	11	13	18	25	65	76	83	86	89	101	124	0
21	26	31	32	33	36	38	45	52	56	62	76	84	95	99	103	114	0
4	8	9	16	32	46	48	86	89	92	99	107	112	117	127	0
1	11	30	44	45	58	64	67	86	92	101	113	115	0
3	8	10	18	24	33	48	49	63	66	67	68	101	102	108	122	0
1	30	45	51	54	60	62	68	71	72	101	105	0
3	9	13	15	17	23	46	48	52	53	57	59	69	81	86	87	90	91	97	0
15	18	22	30	37	69	81	85	98	105	118	0
2	11	28	32	33	36	41	42	44	80	81	82	86	87	89	115	116	117	127	0
10	15	19	21	25	27	37	42	58	79	0
5	31	32	33	36	40	54	57	77	78	79	94	109	110	117	123	0
1	7	8	18	25	27	29	40	42	46	49	79	114	117	123	125	0
23	27	33	37	41	43	67	70	71	87	107	110	0
5	17	18	19	23	31	34	38	43	46	58	59	62	72	89	93	95	96	0
5	10	21	23	39	40	47	51	56	59	64	78	87	89	123	0
7	10	14	17	24	37	52	54	67	71	73	74	77	79	90	106	122	0
8	12	15	23	29	30	34	39	43	56	68	77	79	83	85	96	100	106	114	124	127	0
9	17	19	20	24	26	30	41	49	59	61	69	115	117	118	0
6	9	11	16	25	50	55	57	59	71	73	79	84	85	93	104	106	110	124	126	0
1	15	19	20	21	36	52	77	86	98	105	116	123	0
8	16	22	31	33	34	48	57	58	68	69	77	95	109	0
10	16	47	48	51	57	65	73	74	113	120	124	0
11	13	14	17	34	84	89	94	103	128	0
14	29	56	60	63	64	69	81	93	95	108	114	116	0
14	23	29	30	33	34	37	38	41	47	65	68	72	84	91	94	97	103	111	123	126	0
6	9	18	24	41	50	53	84	87	98	100	107	112	114	115	0
2	28	31	36	43	45	46	52	77	95	102	113	122	124	0
7	25	64	70	78	90	96	100	107	120	0
4	8	17	20	32	37	39	40	42	50	51	72	73	101	116	121	0
13	19	28	48	50	61	87	96	98	103	108	111	113	115	118	127	0
29	60	64	65	67	69	71	74	75	76	99	103	106	114	118	127	0
9	17	18	51	53	58	64	75	97	103	106	111	116	126	0
17	21	23	31	36	37	41	46	54	59	65	68	72	93	95	100	101	102	104	108	109	115	116	118	121	124	125	128	0
1	22	32	47	49	55	57	89	103	114	0
12	18	31	37	42	50	52	60	65	68	76	78	90	110	117	124	125	128	0
1	4	11	12	13	15	16	23	27	31	47	53	62	63	64	65	68	86	87	89	101	102	0
1	7	13	28	30	38	61	68	73	83	96	98	110	113	115	0
1	11	23	47	52	60	69	75	94	100	103	126	0
2	13	26	28	42	51	52	55	57	58	81	91	103	122	0
2	5	13	14	15	17	19	20	22	29	33	35	38	40	42	49	50	52	53	59	67	68	81	83	89	105	107	116	125	0
9	12	17	20	25	30	39	51	63	66	95	100	102	122	127	128	0
5	6	10	11	15	18	22	32	33	45	52	64	73	96	116	126	0
5	12	22	34	41	52	66	74	92	97	100	107	118	0
20	31	39	61	65	67	72	82	87	94	96	101	104	0
5	6	21	35	38	40	43	46	54	58	65	74	79	88	96	100	103	107	119	125	0
19	21	32	56	62	79	90	94	99	102	103	110	112	121	0
5	11	26	43	45	51	73	79	81	82	88	105	127	0
6	9	15	19	20	64	78	88	100	101	103	113	127	0
6	15	17	31	34	37	58	68	115	121	127	0
4	8	9	26	27	33	38	58	64	67	92	98	0
4	5	13	15	17	24	31	55	58	69	99	103	116	119	122	124	126	0
2	11	12	17	20	21	26	41	75	86	97	109	111	121	126	0
9	23	27	42	51	52	54	61	81	82	85	90	95	128	0
8	10	15	17	22	24	25	40	44	45	55	59	70	71	87	89	92	97	103	105	121	0
5	6	16	34	37	44	55	60	70	82	103	105	110	115	0
10	19	21	22	23	25	36	60	89	95	102	108	112	121	122	127	0
22	42	50	51	66	73	79	87	100	101	111	117	118	119	126	0
3	27	50	51	54	66	68	93	103	105	111	123	0
