128
31	43	121	0
67	87	0
6	50	87	0
16	31	38	54	58	111	125	0
46	77	93	108	0
3	59	67	106	118	0
39	0
18	23	53	107	126	128	0
45	0
54	75	106	0
26	35	112	119	0
22	33	39	114	122	0
19	52	56	58	0
72	97	116	117	0
45	47	75	102	0
4	43	86	118	0
69	119	127	0
8	57	63	78	0
13	70	108	0
47	58	75	80	0
34	46	109	0
12	40	64	73	128	0
8	26	67	69	92	104	0
27	40	44	126	0
81	89	0
11	23	32	54	57	89	109	114	122	0
24	32	53	122	124	0
33	81	0
54	119	0
66	101	111	0
1	4	93	0
26	27	60	74	115	125	0
12	28	69	0
21	78	93	108	0
11	98	0
123	0
40	58	71	80	0
4	39	78	120	0
7	12	38	86	127	128	0
22	24	37	94	126	0
64	0
79	85	126	0
1	16	46	104	121	0
24	46	83	95	108	0
9	15	0
5	21	43	44	62	78	99	118	0
15	20	50	55	76	103	0
84	89	107	113	125	0
81	0
3	47	57	92	120	0
67	77	82	112	0
13	54	65	95	123	0
8	27	64	98	104	0
4	10	26	29	52	107	114	0
47	65	83	120	0
13	59	122	0
18	26	50	60	76	0
4	13	20	37	105	0
6	56	95	107	109	0
32	57	81	91	97	0
67	107	115	0
46	81	90	124	0
18	64	0
22	41	53	63	87	111	0
52	55	69	76	80	0
30	77	81	92	122	127	0
2	6	23	51	61	125	0
101	105	0
17	23	33	65	83	100	0
19	78	101	0
37	0
14	104	0
22	108	0
32	81	84	121	0
10	15	20	76	0
47	57	65	75	112	0
5	51	66	0
18	34	38	46	70	128	0
42	102	0
20	37	65	90	101	118	0
25	28	49	60	62	66	74	90	94	97	127	0
51	119	128	0
44	55	69	126	0
48	74	92	0
42	92	112	0
16	39	0
2	3	64	96	0
118	0
25	26	48	98	112	0
62	80	81	122	0
60	0
23	50	66	84	85	103	104	120	0
5	31	34	98	103	117	0
40	81	102	0
44	52	59	107	0
87	110	0
14	60	81	0
35	53	89	93	101	0
46	113	0
69	0
30	68	70	80	98	108	0
15	79	94	0
47	92	93	0
23	43	53	72	92	122	0
58	68	117	0
6	10	128	0
8	48	54	59	61	95	0
5	19	34	44	73	101	0
21	26	59	111	0
96	0
4	30	64	109	0
11	51	76	85	89	0
48	99	0
12	26	54	0
32	61	123	0
14	128	0
14	93	105	125	0
6	16	46	80	88	0
11	17	29	82	0
38	50	55	92	0
1	43	74	0
12	26	27	56	66	90	104	0
36	52	115	127	0
27	62	0
4	32	48	67	117	128	0
8	24	40	42	83	0
17	39	66	81	123	0
8	22	39	78	82	106	116	125	0
