128
31	121	0
0
87	0
31	38	54	58	111	0
46	93	108	0
59	118	0
39	0
18	107	126	0
45	0
0
26	35	112	0
22	39	114	122	0
52	56	0
97	0
45	102	0
43	86	118	0
119	0
8	63	0
108	0
58	75	80	0
0
12	64	0
26	92	104	0
40	44	0
0
11	23	32	54	109	114	122	0
0
33	81	0
54	0
66	101	111	0
1	4	93	0
26	74	115	125	0
28	69	0
0
11	98	0
123	0
40	80	0
4	39	78	120	0
7	12	38	86	127	0
24	37	94	0
64	0
79	126	0
16	104	0
24	46	83	95	108	0
9	15	0
5	44	118	0
50	76	0
89	107	113	125	0
0
47	120	0
0
13	54	0
98	104	0
4	26	29	52	107	0
120	0
13	122	0
60	0
4	20	105	0
6	107	109	0
57	91	97	0
67	107	0
0
18	0
22	41	0
69	76	80	0
30	77	81	92	122	0
61	125	0
105	0
33	65	100	0
0
0
0
108	0
32	121	0
20	0
47	65	112	0
66	0
38	0
42	0
20	37	65	101	118	0
28	66	127	0
119	0
44	0
92	0
92	0
16	39	0
3	96	0
0
48	0
122	0
60	0
23	66	84	85	0
5	31	0
40	102	0
44	0
87	0
14	60	0
35	53	0
0
69	0
30	80	0
15	94	0
0
23	43	53	122	0
58	68	0
0
8	48	54	59	61	0
5	19	44	73	0
26	59	0
0
4	30	0
11	76	0
48	0
12	26	0
32	123	0
128	0
0
6	16	46	80	0
17	82	0
38	50	55	0
1	74	0
12	26	56	66	90	104	0
36	115	127	0
0
32	48	67	128	0
8	42	0
39	81	123	0
116	125	0
