128
7	12	13	18	24	25	31	32	34	35	36	37	43	44	45	52	53	60	61	63	64	73	76	88	89	96	100	101	105	108	113	118	119	121	124	125	0
4	6	10	13	15	23	28	33	46	51	55	60	65	67	71	78	79	80	87	93	117	122	126	0
6	10	18	20	22	25	30	36	42	48	50	54	56	57	62	69	72	73	78	79	84	87	92	94	95	97	110	115	121	125	0
2	12	16	18	25	29	31	33	38	47	48	54	58	60	66	68	76	77	78	80	85	90	91	92	95	98	109	110	111	115	120	121	124	125	0
13	14	32	35	37	46	49	55	60	63	66	68	75	76	77	80	85	86	88	91	93	94	99	107	108	111	114	116	123	125	128	0
2	3	8	11	22	24	25	26	33	34	41	43	46	47	50	56	59	67	76	79	80	83	85	86	87	92	102	106	108	109	112	117	118	125	0
1	11	12	13	16	18	19	20	30	33	36	39	49	51	58	60	76	77	81	82	84	86	88	91	97	101	103	113	119	120	123	125	0
6	9	13	14	16	17	18	19	20	22	23	26	29	36	39	40	41	46	49	52	53	55	56	60	63	64	66	72	74	86	87	89	90	92	103	106	107	109	117	126	128	0
8	11	16	17	19	20	38	43	45	48	52	56	59	66	67	82	84	93	99	103	107	109	111	117	120	0
2	3	11	25	33	46	53	54	58	61	65	72	75	77	78	86	101	106	108	111	114	120	123	124	0
6	7	9	10	19	20	22	26	30	32	35	38	46	50	52	54	55	56	57	58	59	69	74	75	97	99	104	111	112	119	121	128	0
1	4	7	14	18	21	22	23	24	32	33	37	39	40	46	60	69	70	74	81	84	85	87	91	96	99	111	114	121	122	124	0
1	2	5	7	8	18	19	37	40	41	43	49	52	54	56	58	69	71	72	75	77	78	79	80	83	84	91	95	103	105	106	107	116	123	0
5	8	12	21	23	30	31	36	37	39	40	44	49	54	57	67	71	72	73	75	78	84	86	88	89	90	94	96	97	100	102	104	110	116	117	118	120	127	0
2	18	26	31	35	37	39	40	45	47	49	51	54	73	75	81	85	87	89	100	101	102	103	104	113	124	0
4	7	8	9	19	36	39	40	43	44	45	46	48	51	55	56	61	63	71	72	73	74	81	86	87	90	91	92	93	100	113	115	116	118	120	124	126	0
8	9	19	21	31	32	37	49	50	67	69	81	85	93	94	95	96	97	99	106	107	108	119	123	125	127	0
1	3	4	7	8	12	13	15	21	23	25	32	35	38	43	47	53	56	57	63	64	66	68	77	78	80	82	91	95	96	99	110	113	117	120	124	125	127	0
7	8	9	11	13	16	17	20	34	49	52	53	56	70	75	78	87	89	90	99	108	111	112	117	0
3	7	8	9	11	19	26	35	38	41	42	47	49	50	58	60	70	71	75	76	79	80	82	92	100	101	104	108	113	122	123	124	128	0
12	14	17	18	24	25	28	34	39	46	48	52	53	58	62	72	73	74	76	81	85	91	94	96	97	103	105	106	108	109	110	114	115	124	0
3	6	8	11	12	24	31	34	37	38	40	45	48	57	64	66	68	73	77	84	86	88	90	96	97	125	128	0
2	8	12	14	18	26	28	33	35	40	45	49	52	60	67	69	71	72	82	84	85	90	91	92	96	97	104	105	106	108	116	122	0
1	6	12	21	22	27	33	36	37	40	41	44	46	49	60	66	68	70	74	75	77	82	83	84	90	91	103	106	108	111	114	116	121	122	126	127	128	0
1	3	4	6	10	18	21	52	56	59	68	70	74	81	84	88	89	90	93	94	96	101	105	111	116	118	121	0
6	8	11	15	20	23	32	33	34	38	41	43	44	45	46	47	54	55	57	67	76	87	89	91	102	104	107	109	114	115	117	118	119	122	123	125	0
24	28	29	30	32	34	37	43	45	47	53	54	57	58	65	70	83	84	87	88	90	93	99	105	106	115	117	119	120	122	123	124	125	0
2	21	23	27	31	32	33	40	47	57	58	61	63	66	68	72	81	85	97	105	107	108	110	111	119	121	122	125	128	0
4	8	27	31	32	33	38	43	44	48	51	54	55	56	64	68	85	89	93	95	97	105	107	115	119	123	0
3	7	11	14	27	35	39	45	49	56	60	63	65	66	70	71	75	78	90	97	98	99	101	102	103	108	111	128	0
1	4	14	15	17	22	28	29	32	37	40	42	52	54	60	61	62	63	64	78	83	85	87	93	103	113	116	122	123	0
1	5	11	12	17	18	26	27	28	29	31	38	42	44	45	48	50	51	52	55	60	66	68	70	74	78	80	87	88	101	103	106	107	112	114	115	123	125	126	0
2	4	6	7	10	12	23	24	26	28	29	34	37	40	41	42	48	52	53	54	58	61	63	64	69	74	75	83	92	104	105	109	114	115	117	121	122	125	127	0
1	6	19	21	22	26	27	33	35	36	37	41	42	43	44	45	49	52	53	57	60	61	66	70	71	78	80	88	93	104	108	110	114	115	124	126	0
1	5	11	15	18	20	23	30	34	38	45	49	53	54	55	62	66	80	82	84	85	87	91	98	107	109	124	127	0
1	3	7	8	14	16	24	34	45	55	57	61	64	69	70	73	80	82	83	84	88	89	95	107	108	112	121	122	123	125	126	0
1	5	12	13	14	15	17	22	24	27	31	33	34	39	40	43	47	52	54	58	59	71	78	80	87	89	92	96	111	112	119	123	124	0
4	9	11	18	20	22	26	29	32	35	39	42	55	58	59	65	66	68	70	76	78	80	87	96	97	104	105	111	112	114	120	123	125	127	0
7	8	12	14	15	16	21	30	37	38	40	41	42	48	53	55	60	63	75	86	88	94	104	105	108	117	127	128	0
8	12	13	14	15	16	22	23	24	28	31	33	37	39	47	48	53	54	57	67	72	78	81	86	90	94	102	104	124	126	127	0
6	8	13	20	24	26	33	34	39	42	47	48	49	53	54	61	64	72	77	84	85	86	88	93	94	103	106	115	116	119	121	125	127	0
3	20	31	32	33	34	38	39	41	44	47	48	49	54	57	59	65	68	70	71	78	79	83	84	85	89	104	105	106	109	110	126	128	0
1	6	9	13	16	18	26	27	29	34	37	46	49	60	71	73	75	81	95	98	101	104	109	110	117	121	0
1	14	16	24	26	29	32	34	42	45	46	47	54	60	65	82	83	85	89	90	91	92	94	95	101	108	111	112	118	119	125	0
1	9	15	16	22	23	26	27	30	32	34	35	36	44	55	56	59	60	66	73	81	82	89	105	108	109	112	119	122	0
2	5	6	8	10	11	12	16	21	24	26	43	44	49	51	53	62	64	68	70	76	78	79	80	83	87	90	91	98	99	102	104	105	107	109	115	118	123	0
4	6	15	18	20	26	27	28	37	40	41	42	44	49	50	55	62	63	68	72	76	82	84	86	90	92	94	97	103	104	106	107	112	117	122	125	0
3	4	9	16	21	22	29	32	33	39	40	41	42	51	52	62	63	70	76	78	83	84	89	91	92	93	96	104	107	112	113	121	125	126	0
5	7	8	13	14	15	17	19	20	23	24	30	34	35	41	42	43	46	47	53	61	62	64	75	77	80	81	86	88	89	97	98	100	108	110	112	122	125	0
3	6	11	17	20	32	47	54	57	58	66	70	77	80	85	89	92	94	95	96	102	103	104	108	109	111	120	125	126	0
2	7	15	16	29	32	46	48	53	56	57	63	67	70	71	77	78	82	93	99	102	103	104	105	106	107	108	111	112	113	116	119	126	127	0
1	8	9	11	13	19	21	23	25	31	32	33	34	37	48	53	54	56	64	65	71	82	86	88	90	93	94	95	96	97	98	106	108	113	116	119	120	123	0
1	8	10	18	19	21	27	33	34	35	39	40	41	46	49	51	52	54	64	65	67	70	76	78	82	83	90	93	95	98	99	102	104	107	113	114	123	124	126	0
3	4	10	11	13	14	15	26	27	29	31	33	35	37	40	41	42	44	50	52	53	61	63	65	66	68	73	77	88	89	92	95	107	111	114	122	125	127	0
2	5	8	11	16	26	29	32	35	36	38	39	45	47	60	65	69	78	80	83	84	85	90	91	101	102	103	113	120	122	126	127	128	0
3	6	8	9	11	13	16	18	19	25	29	30	45	51	52	59	69	73	75	76	99	101	115	122	123	125	0
3	11	14	18	22	26	27	28	34	36	40	42	50	51	60	65	68	70	72	73	76	77	81	87	88	89	90	91	92	94	95	97	98	102	104	106	112	114	115	117	118	120	126	0
4	7	10	11	13	20	21	27	28	33	37	38	50	61	65	70	76	79	82	91	94	98	100	105	107	108	111	114	122	123	125	126	127	128	0
6	9	11	25	37	38	42	45	56	64	65	67	69	81	84	95	104	107	108	109	112	123	127	128	0
1	2	4	5	7	8	12	20	23	24	30	31	32	34	39	43	44	45	55	57	61	62	63	64	69	70	71	81	84	89	91	92	94	96	97	98	101	105	113	118	119	0
1	10	16	28	31	33	34	36	41	49	54	58	60	67	68	74	75	76	80	85	86	94	97	107	108	115	117	118	119	0
3	21	31	35	46	47	48	49	60	67	72	80	81	82	85	90	91	92	93	101	103	105	114	115	116	124	128	0
1	5	8	16	18	28	30	31	33	39	47	48	51	54	60	64	65	67	73	80	83	93	97	101	117	124	128	0
1	8	18	22	29	31	33	36	41	46	49	52	53	59	60	63	66	72	73	74	82	87	90	97	99	108	111	123	127	0
2	10	27	30	38	42	44	52	53	54	55	57	58	59	63	69	71	75	76	77	78	80	91	92	96	107	109	110	113	117	118	119	125	0
4	5	8	9	18	22	24	28	30	32	34	35	38	45	50	54	64	69	71	75	76	77	78	81	87	92	94	100	106	109	112	122	123	124	127	0
2	6	9	14	17	23	26	40	51	53	59	61	62	63	74	75	76	78	83	88	89	95	100	103	105	106	107	108	119	120	125	126	128	0
4	5	18	22	24	25	28	29	32	38	42	46	47	54	57	61	73	86	89	91	94	95	100	101	105	108	111	112	113	115	116	117	118	123	0
3	11	12	13	17	23	33	36	55	56	59	60	65	66	72	83	84	85	86	87	88	95	98	100	101	107	108	109	115	116	119	120	123	0
12	19	20	24	25	27	30	32	34	36	38	42	46	48	50	51	53	57	58	60	71	73	78	87	89	98	101	106	110	112	122	0
2	13	14	16	20	23	30	34	37	42	43	51	52	60	65	66	70	72	73	76	78	80	84	93	96	104	108	112	114	123	126	0
3	8	10	13	14	16	21	23	28	40	41	47	57	62	64	69	71	77	86	87	89	103	104	107	126	128	0
1	3	14	15	16	21	22	36	43	45	54	56	57	63	64	68	70	71	75	77	89	92	97	101	106	108	115	127	0
8	11	12	16	21	24	25	32	33	61	64	67	76	77	80	81	84	90	108	117	121	0
5	10	11	13	14	15	19	20	24	30	33	39	43	49	56	61	65	66	67	73	76	81	85	92	93	96	101	102	111	116	117	118	127	0
1	4	5	6	7	20	21	26	38	46	47	48	53	56	57	58	61	65	66	67	71	74	75	78	80	86	94	95	97	100	111	112	113	125	0
4	5	7	10	13	18	22	24	41	49	50	51	54	57	65	66	72	73	74	85	87	89	95	102	103	106	108	112	121	123	126	128	0
2	3	4	10	13	14	18	19	30	31	32	34	37	38	40	42	46	48	51	53	55	65	66	67	70	71	76	81	83	85	88	91	92	95	110	112	116	123	125	128	0
2	3	6	13	20	42	46	58	80	81	85	88	92	93	102	106	107	109	110	112	113	114	116	120	123	124	125	126	0
2	4	5	6	13	18	20	32	34	35	36	37	38	46	49	50	55	61	62	63	65	71	74	76	79	84	90	91	98	100	101	103	105	114	118	120	0
7	12	15	16	17	21	25	28	40	43	45	49	57	59	60	62	66	74	75	78	79	88	90	91	93	94	95	97	98	101	112	119	122	123	126	127	128	0
7	9	18	20	23	24	35	36	44	45	47	51	52	53	58	62	64	84	90	97	105	109	110	119	127	128	0
6	13	24	27	31	33	36	42	44	46	48	53	55	63	67	69	78	88	90	96	98	106	108	109	112	118	120	123	126	0
3	7	9	12	13	14	22	23	24	25	27	35	36	41	42	47	48	55	59	60	69	71	74	80	82	92	94	95	96	98	102	104	110	113	116	126	128	0
4	5	6	12	15	17	21	23	28	29	31	35	41	42	44	50	55	61	62	69	75	77	78	79	87	92	99	101	106	112	113	115	117	120	121	123	126	0
5	6	7	8	10	14	16	22	39	40	41	47	49	52	61	68	69	72	76	88	90	93	101	104	106	111	114	116	0
2	3	6	8	12	15	16	19	26	27	31	32	35	37	38	46	57	64	66	69	70	72	77	85	89	90	96	103	104	108	0
1	5	7	14	22	25	27	32	34	36	39	41	49	52	54	57	67	69	78	79	81	83	86	92	93	98	114	118	119	121	123	128	0
1	8	14	15	19	25	26	29	36	37	42	44	45	48	49	50	54	57	60	67	68	70	72	73	77	87	96	98	104	112	115	117	119	124	0
4	8	14	16	19	22	23	24	25	27	30	40	44	46	47	52	53	55	57	62	64	74	80	81	82	83	86	87	92	95	99	101	103	109	110	118	122	125	128	0
4	5	7	12	13	16	18	21	23	24	26	35	44	46	48	55	57	58	60	62	65	68	78	80	81	97	100	105	107	110	112	117	118	122	123	124	125	128	0
3	4	6	8	16	20	23	33	37	44	47	48	50	54	57	60	62	65	66	73	75	78	79	84	85	88	90	94	97	98	99	103	104	109	111	115	118	119	120	125	128	0
2	5	9	16	17	25	27	29	31	34	41	48	51	52	53	62	63	71	75	79	81	86	88	95	96	98	100	103	106	117	122	127	0
3	5	14	17	21	25	39	40	41	44	47	50	52	57	58	60	61	66	68	76	81	84	92	102	103	108	109	112	116	124	125	0
3	4	13	17	18	29	36	43	44	50	52	53	54	57	59	67	68	69	76	77	78	81	84	90	93	96	98	102	107	108	109	114	119	126	0
1	12	14	17	18	21	22	23	25	37	38	48	50	52	60	65	71	75	83	84	87	89	93	95	98	105	110	119	120	0
3	7	11	14	17	21	22	23	28	29	30	38	47	49	52	57	60	61	63	64	73	76	81	82	91	92	103	105	108	109	115	116	126	0
4	30	35	43	46	49	52	53	57	58	60	69	70	80	81	83	84	88	89	92	93	95	96	101	102	106	107	108	109	114	115	123	125	128	0
5	9	11	12	17	18	19	27	30	46	51	53	56	64	85	90	92	103	113	114	119	121	124	126	0
1	14	15	16	20	49	58	66	67	68	69	76	80	91	93	102	106	112	114	120	123	125	0
1	7	10	15	20	25	30	32	43	44	55	56	60	62	63	68	69	70	73	75	80	81	85	86	90	98	102	108	114	115	121	127	128	0
6	14	15	26	30	40	46	50	51	53	55	57	75	77	79	84	94	95	98	100	101	117	123	126	127	0
7	8	9	13	15	21	24	30	31	32	41	47	50	51	55	62	67	72	77	80	87	90	92	93	94	97	99	107	123	0
11	14	15	20	23	26	33	34	38	39	40	42	43	46	47	48	50	51	53	57	59	71	72	84	86	87	89	92	106	108	109	111	112	116	117	118	121	122	123	126	0
1	13	21	23	25	27	28	29	33	38	39	42	45	46	51	58	60	62	67	68	80	82	91	96	97	111	116	117	0
6	8	10	13	17	21	23	24	27	32	41	42	47	51	52	57	66	67	70	73	77	79	83	85	86	93	98	100	104	123	125	128	0
5	8	9	13	17	26	28	29	32	35	36	46	47	48	51	53	54	58	59	61	65	67	69	72	79	91	95	98	103	112	0
1	5	6	10	17	19	20	21	23	24	28	30	34	36	39	44	45	49	50	51	52	58	59	61	64	67	68	69	71	73	74	77	83	87	94	95	97	98	101	104	116	120	121	125	126	0
4	6	8	9	21	26	33	35	42	43	45	46	50	59	65	66	69	79	82	83	90	92	94	95	97	98	104	111	113	122	0
3	4	14	18	21	28	34	42	43	49	65	70	78	79	82	84	90	91	96	112	113	114	121	122	123	125	0
4	5	9	10	11	12	19	24	25	28	30	37	38	44	50	51	54	58	64	68	75	76	86	92	104	105	109	118	122	127	0
6	11	19	32	36	37	38	44	45	47	48	49	51	57	59	66	68	70	71	76	77	78	79	81	83	85	89	91	94	100	104	107	110	115	116	125	0
1	7	15	16	18	20	31	48	51	52	53	55	60	65	68	76	79	84	85	99	109	110	114	115	120	123	128	0
5	10	12	21	24	26	32	33	34	38	53	54	57	58	62	71	79	80	86	88	95	98	99	100	101	110	113	123	128	0
3	4	16	21	26	27	29	32	33	34	41	46	56	57	61	62	68	69	73	85	89	92	97	98	101	112	113	116	117	120	121	123	127	128	0
5	13	14	16	23	24	25	31	41	51	52	62	68	69	75	78	79	84	86	94	97	104	105	108	112	115	124	126	128	0
2	6	8	9	14	18	19	26	27	33	39	43	47	57	61	63	65	68	74	75	85	89	91	93	102	104	105	115	120	122	125	0
1	6	14	16	25	26	44	46	57	60	61	65	68	75	80	83	88	90	91	92	104	111	122	127	0
1	7	11	17	26	27	28	29	37	41	44	45	51	52	60	61	65	67	69	81	82	88	89	92	95	96	99	120	122	0
4	7	9	10	14	16	18	27	38	50	52	55	57	67	69	79	80	83	85	92	96	100	108	113	115	117	119	127	0
1	3	4	11	12	24	25	28	33	36	41	43	48	74	77	85	88	99	101	104	108	110	115	122	123	128	0
2	12	20	23	24	26	27	28	31	33	36	45	47	49	54	55	56	58	66	70	81	90	91	93	104	109	110	111	117	118	119	121	126	127	0
5	7	10	13	17	20	26	27	29	31	32	36	37	38	46	52	53	56	58	59	64	66	68	69	71	77	78	79	81	83	85	88	91	98	100	102	103	104	106	110	113	114	115	121	127	0
1	4	10	12	15	16	18	20	21	27	34	35	37	40	53	62	63	66	79	89	91	94	99	116	126	0
1	3	4	5	6	7	17	18	22	26	27	28	32	33	36	38	41	44	47	48	49	50	54	56	58	65	67	76	78	79	90	91	92	94	98	100	106	108	110	112	117	128	0
2	8	16	24	32	34	36	40	42	48	50	51	53	55	57	58	67	71	72	77	79	81	83	84	85	95	97	99	102	104	108	116	122	124	0
14	17	18	24	33	35	38	39	40	41	51	54	55	58	59	64	66	73	75	81	82	93	101	102	111	115	118	120	122	123	0
5	8	11	20	22	24	28	30	39	42	55	58	59	62	63	67	72	77	78	81	82	84	88	90	91	92	98	101	106	113	114	115	116	121	125	0
