128
18	34	54	76	82	104	106	0
38	47	61	62	122	0
51	52	75	77	128	0
10	52	64	73	106	0
39	55	81	85	110	112	0
39	41	96	112	125	0
56	61	70	82	107	0
11	25	31	73	82	99	124	0
23	56	77	102	118	123	0
4	39	49	50	58	80	85	86	92	112	124	0
8	16	52	71	79	89	93	117	0
105	122	0
18	63	71	77	106	107	110	121	0
37	44	86	93	94	0
25	80	87	90	106	121	0
11	19	26	35	41	45	47	64	106	0
40	60	77	86	110	122	0
1	13	30	63	71	75	84	96	105	112	0
16	50	54	59	84	88	90	100	110	118	0
22	42	52	53	65	88	90	99	110	114	118	122	0
59	60	80	115	116	122	0
20	26	28	45	53	91	112	126	0
9	34	41	48	52	56	62	63	67	70	77	83	85	95	106	123	0
35	37	42	62	65	88	96	121	0
8	15	37	57	98	111	126	0
16	22	49	59	72	109	117	120	122	0
36	41	43	51	60	80	82	83	106	128	0
22	52	54	61	79	97	100	109	0
44	47	58	62	82	94	95	110	0
18	36	49	51	67	74	78	0
8	41	52	58	70	81	84	97	103	114	121	0
54	58	68	99	116	0
36	56	62	75	79	81	83	91	110	112	0
1	23	46	61	84	91	125	0
16	24	43	56	110	0
27	30	33	46	72	81	90	103	0
14	24	25	48	69	70	78	83	103	119	125	0
2	48	66	72	84	95	110	120	0
5	6	10	52	62	85	111	0
17	45	66	68	69	81	82	124	0
6	16	23	27	31	57	64	69	79	83	95	0
20	24	45	59	64	79	82	99	105	109	110	127	0
27	35	48	59	69	84	87	97	115	0
14	29	47	57	74	79	0
16	22	40	42	50	52	68	70	72	76	117	124	0
34	36	49	52	56	77	82	103	115	0
2	16	29	44	61	68	85	92	95	0
23	37	38	43	60	73	75	91	100	0
10	26	30	46	75	82	88	104	0
10	19	45	55	96	99	105	110	0
3	27	30	61	76	85	92	99	102	109	111	123	0
3	4	11	20	23	28	31	39	45	46	72	86	97	108	112	123	0
20	22	58	102	106	110	0
1	19	28	32	64	76	0
5	50	56	58	59	89	104	124	0
7	9	23	33	35	46	55	59	61	62	69	87	94	116	0
25	41	44	59	67	77	81	0
10	29	31	32	53	55	74	80	84	91	102	119	120	121	0
19	21	26	42	43	55	56	57	84	89	103	110	0
17	21	27	48	61	62	76	101	105	108	125	0
2	7	28	34	47	51	56	60	107	114	0
2	23	24	29	33	39	56	60	72	76	84	106	0
13	18	23	94	111	0
4	16	41	42	54	68	74	94	101	106	112	120	0
20	24	92	95	114	0
38	40	0
23	30	57	75	83	86	101	114	0
32	40	45	47	64	95	103	105	128	0
37	40	41	43	56	77	78	101	108	121	0
7	23	31	37	45	124	0
11	13	18	76	83	86	89	101	0
26	36	38	45	52	62	84	0
4	8	48	89	107	117	0
30	44	58	64	86	101	113	115	0
3	18	33	48	49	67	108	122	0
1	45	51	54	60	62	71	101	0
3	9	13	17	23	46	57	69	86	97	0
30	37	69	81	98	118	0
11	28	33	41	42	44	81	87	89	115	116	117	127	0
10	15	21	27	58	0
5	31	33	36	40	57	78	79	117	0
1	7	8	27	29	40	42	46	49	117	0
23	27	33	37	41	67	71	87	0
18	19	31	34	38	43	58	59	62	72	0
5	10	23	39	47	51	87	0
10	14	17	52	67	71	74	77	0
15	43	56	79	83	85	106	114	0
19	20	24	49	115	117	0
11	55	59	71	73	79	93	110	124	0
15	19	20	36	98	105	116	0
22	33	34	48	58	95	109	0
10	47	51	65	0
11	14	89	103	128	0
14	29	56	63	64	95	108	114	116	0
23	29	38	41	47	65	68	91	94	103	123	0
6	18	24	50	100	112	114	0
28	31	43	52	77	124	0
25	78	90	100	120	0
8	20	32	42	50	51	116	0
19	28	48	96	98	103	108	0
60	64	67	69	71	74	76	106	114	118	0
9	51	53	58	103	111	126	0
31	36	37	46	59	68	93	95	100	102	108	124	125	0
1	49	55	114	0
12	18	42	50	60	68	90	110	117	124	125	128	0
1	4	13	15	16	23	27	53	62	64	87	101	0
7	13	61	73	110	0
52	60	69	75	94	100	103	126	0
26	28	42	51	91	0
5	13	17	19	20	29	33	35	38	42	50	53	59	89	105	107	116	0
25	39	51	63	102	128	0
5	6	10	18	22	33	52	64	96	126	0
74	0
20	31	61	65	67	87	94	96	101	104	0
21	43	46	74	79	88	125	0
21	32	56	79	90	94	99	110	121	0
11	26	45	73	79	81	82	88	105	0
9	19	20	78	101	0
37	58	127	0
26	38	58	64	98	0
13	15	24	31	58	69	116	124	0
2	12	17	20	21	26	75	0
9	23	51	52	95	128	0
8	10	40	45	55	70	89	97	103	105	121	0
6	34	37	60	103	105	115	0
22	25	102	108	112	0
42	79	119	0
3	27	68	93	105	111	123	0
