256
7	12	24	31	35	37	43	44	53	63	73	76	89	101	105	118	121	125	144	159	161	181	184	196	209	212	213	220	229	231	233	238	243	256	0
6	10	13	15	28	33	46	51	60	65	67	78	87	93	147	160	167	173	179	194	196	203	207	218	222	227	230	236	242	243	250	0
6	25	48	50	54	56	69	72	78	84	87	92	94	97	121	134	145	162	164	176	186	188	189	190	200	207	210	221	234	236	239	254	0
12	16	18	29	31	38	54	58	66	76	91	92	109	111	120	125	145	151	153	166	177	181	213	216	225	246	249	0
14	32	37	46	60	76	77	85	91	93	99	107	108	111	114	116	131	142	146	157	160	184	185	206	207	219	231	233	234	243	247	0
2	3	11	24	33	34	41	50	56	59	67	79	80	83	86	106	118	139	147	152	155	161	162	170	173	178	185	188	207	208	224	226	228	232	233	237	240	242	244	253	255	0
1	18	30	36	39	49	51	60	88	91	97	130	141	148	152	159	180	202	204	227	245	251	252	253	0
13	14	17	18	20	22	23	39	46	49	52	53	55	56	60	64	66	72	86	107	117	126	128	139	166	169	178	195	201	203	212	217	222	224	237	251	0
16	19	20	45	59	66	82	84	93	107	111	120	134	139	142	146	148	163	173	174	175	187	192	203	204	207	215	223	227	234	235	237	239	251	256	0
2	33	46	54	72	75	78	86	106	108	123	129	130	131	133	157	165	169	171	177	178	183	184	189	190	191	193	197	201	205	207	215	216	223	228	229	230	236	0
6	26	32	35	54	58	59	75	97	99	104	111	112	119	121	149	163	175	184	188	200	211	215	216	223	241	246	247	255	0
1	4	14	18	22	23	32	33	37	39	40	46	81	84	91	96	99	114	121	122	124	138	153	159	164	171	174	189	192	204	205	206	208	210	211	212	214	221	224	228	233	236	239	246	252	256	0
2	8	19	43	49	52	54	56	58	69	71	79	80	83	84	91	103	107	116	133	151	156	165	176	186	199	201	212	227	241	0
5	8	12	23	31	36	39	49	54	57	71	72	73	78	84	88	90	94	97	100	104	116	117	120	148	174	182	185	191	199	216	218	225	233	235	236	239	244	0
2	31	37	40	45	47	51	75	81	89	100	102	103	104	113	124	131	142	151	172	180	182	199	208	212	218	220	222	230	254	0
4	9	19	43	51	72	86	87	113	118	120	141	146	154	158	165	169	177	178	180	183	198	202	207	213	214	217	221	242	0
8	21	32	67	69	93	94	97	119	123	125	127	137	151	154	156	159	166	167	204	216	234	239	246	0
4	7	8	12	25	32	43	47	56	57	63	66	68	77	78	80	95	99	110	124	125	156	165	177	180	191	212	218	235	236	246	252	256	0
9	13	16	49	53	70	75	89	99	108	112	137	140	148	149	168	179	180	205	216	235	236	246	254	0
8	9	35	42	47	50	58	70	71	75	76	80	92	100	108	134	137	146	152	155	157	174	178	180	189	219	221	223	225	237	0
17	25	28	34	46	52	53	62	74	85	97	109	114	124	133	206	213	215	227	236	240	247	249	251	256	0
8	12	34	38	40	48	57	64	73	84	90	96	128	138	146	151	169	172	192	194	203	211	212	215	219	222	233	234	256	0
8	12	14	26	35	45	49	60	67	69	72	84	90	92	96	97	104	106	133	136	145	147	155	165	166	175	190	192	205	218	219	233	235	236	243	248	251	0
1	6	27	33	40	44	49	60	68	74	82	83	90	103	106	108	121	126	171	173	175	178	199	200	204	206	249	255	0
3	18	21	52	59	68	70	74	81	88	89	93	96	116	133	179	197	206	209	211	215	224	233	238	244	249	253	0
11	23	32	34	38	43	45	54	55	57	67	89	102	109	114	117	122	131	161	169	175	224	233	237	240	245	247	0
24	29	30	32	43	47	53	87	93	106	117	119	122	124	125	141	148	156	167	168	179	184	185	189	206	210	218	221	237	242	244	254	0
2	21	32	33	57	58	61	68	81	105	107	108	110	122	125	128	137	157	163	177	187	213	221	222	228	230	243	0
4	27	31	32	33	38	44	54	55	85	89	93	95	115	119	130	133	137	141	150	151	164	171	176	187	191	212	222	224	230	232	239	242	245	246	0
7	27	56	60	66	70	78	90	97	99	101	103	111	137	139	151	158	162	181	202	204	212	220	231	236	248	0
1	4	14	15	29	37	42	52	54	60	61	62	64	83	87	93	103	113	122	123	129	132	140	149	170	193	208	209	211	219	234	247	0
5	11	12	17	18	26	27	28	29	45	51	52	60	74	78	80	101	112	114	115	123	125	126	149	150	165	173	176	178	181	183	196	197	198	208	210	216	217	218	221	224	226	231	234	244	253	0
2	6	10	12	24	28	29	34	40	42	48	52	53	54	58	64	69	74	75	83	114	115	121	122	125	132	144	147	150	165	166	180	190	196	200	203	208	234	243	247	0
6	21	22	26	33	36	44	53	60	61	66	78	80	88	93	108	110	124	130	134	137	142	143	148	153	165	166	167	179	199	204	208	221	225	250	252	255	0
1	11	20	23	53	54	55	66	80	82	84	85	98	127	166	168	170	182	186	187	192	200	221	229	238	249	0
7	14	34	45	55	61	64	73	84	88	95	123	130	131	132	138	141	150	157	161	166	170	175	201	208	218	219	224	237	0
1	5	12	15	31	40	43	52	58	59	71	78	80	87	89	96	111	134	143	152	160	163	174	203	209	213	227	231	235	238	246	248	250	251	254	0
4	22	26	29	39	42	59	65	66	78	80	96	104	114	120	125	129	130	133	147	161	173	179	182	203	207	209	219	220	225	240	241	242	243	0
7	8	12	14	38	40	48	53	60	75	86	94	104	108	127	128	162	164	170	189	195	213	218	219	243	252	0
12	15	22	24	33	37	39	47	48	67	94	104	124	126	129	130	146	151	154	161	164	185	192	206	207	211	212	214	223	229	232	235	247	255	0
6	42	49	53	64	77	84	85	86	94	103	116	119	125	144	149	168	177	181	182	190	194	199	243	0
20	31	33	38	41	44	47	49	57	59	65	79	83	84	85	89	104	105	109	110	126	129	133	136	147	150	164	165	182	188	189	200	203	210	215	235	238	242	255	0
1	13	16	18	26	27	37	46	73	95	101	104	109	121	130	134	138	147	154	172	179	182	188	189	193	195	201	220	223	224	226	245	246	255	0
1	24	29	34	42	46	54	82	83	95	108	111	112	159	161	165	167	168	175	190	206	207	209	210	250	251	0
9	15	23	26	32	36	56	105	108	112	134	142	146	167	187	194	195	196	202	212	215	217	222	0
2	5	8	10	12	21	43	44	53	62	78	79	83	99	104	107	118	123	136	141	155	168	171	172	180	183	192	204	244	245	256	0
15	18	20	27	40	42	49	50	55	68	76	84	86	92	94	97	103	106	107	122	151	171	180	184	194	201	209	222	227	230	232	245	255	0
3	22	33	39	40	76	78	83	84	89	92	93	104	107	113	121	125	131	132	133	136	144	147	150	158	173	184	190	195	198	199	208	217	220	244	0
7	8	13	14	19	23	24	41	42	47	53	80	81	89	100	108	112	125	132	133	138	157	160	176	207	217	220	227	228	239	245	247	251	0
3	6	20	47	57	58	66	77	89	92	104	108	120	125	126	131	134	140	153	155	160	163	178	182	189	196	201	220	228	241	256	0
2	7	15	16	32	56	63	67	77	78	82	93	99	102	104	106	107	111	112	133	142	168	169	204	209	212	213	220	232	234	237	238	248	0
8	13	21	25	31	32	33	37	53	54	65	93	95	123	131	171	176	180	182	184	186	187	196	205	211	236	241	0
1	8	19	21	27	33	34	35	39	41	46	49	52	64	67	76	90	95	98	104	107	113	123	124	130	151	169	187	188	190	204	210	213	214	223	248	0
3	4	10	11	13	14	26	29	31	33	35	44	52	65	73	89	95	107	114	135	136	139	164	174	199	201	203	206	209	217	234	235	242	252	0
8	26	29	35	36	47	65	69	83	90	91	120	122	127	131	134	157	161	168	176	185	193	199	200	203	205	224	230	249	0
3	6	8	13	18	30	45	51	59	69	73	75	101	122	123	136	139	145	150	153	157	162	166	170	182	194	198	199	202	206	207	212	221	228	237	241	0
14	18	22	26	28	42	50	60	65	68	76	87	88	92	98	102	104	106	126	133	139	150	151	161	165	167	179	200	210	222	226	229	230	232	234	241	0
4	11	13	20	28	33	37	50	79	82	98	105	107	123	125	126	127	128	133	139	146	160	179	204	214	230	238	251	0
6	9	11	25	37	38	42	56	65	69	81	95	104	107	108	109	128	129	130	132	142	149	156	159	161	174	185	186	193	209	221	223	226	230	235	236	243	251	254	0
2	5	7	8	23	24	30	31	32	34	39	57	63	69	81	84	91	92	94	97	101	105	129	132	171	183	201	202	207	210	223	227	233	246	253	256	0
28	31	34	36	67	76	80	107	115	117	119	130	132	138	144	151	152	161	164	176	189	191	200	203	205	210	214	222	228	230	238	241	249	0
21	31	46	67	72	81	90	101	105	115	116	124	133	141	149	156	158	174	177	181	189	205	206	212	225	226	231	235	237	244	245	246	249	0
1	18	51	60	64	67	73	83	93	101	117	137	161	176	180	187	203	205	207	208	210	216	233	245	250	0
8	22	31	33	36	41	53	63	66	72	74	87	97	111	123	131	141	147	153	168	171	172	183	188	193	198	205	223	228	234	238	239	251	0
2	38	42	52	54	55	57	59	69	71	75	76	77	78	80	96	110	113	117	118	125	132	138	140	148	149	154	157	165	187	192	197	199	210	212	213	231	242	0
4	8	9	18	30	34	35	38	50	64	69	77	78	81	92	94	122	127	147	152	164	171	175	182	185	186	190	195	203	206	216	218	219	256	0
2	6	17	23	26	40	51	53	61	62	63	75	103	106	119	125	128	136	144	147	160	163	167	175	184	188	193	197	204	221	233	238	243	247	250	0
18	24	25	28	47	57	91	101	105	108	111	112	113	115	116	131	140	162	167	185	188	197	205	210	217	219	221	236	247	248	254	0
3	13	17	23	33	55	56	59	60	65	66	72	83	84	86	100	101	107	109	115	116	136	138	142	157	161	163	178	184	188	204	214	216	217	222	225	232	245	256	0
19	20	25	30	71	73	78	98	101	112	122	132	143	151	155	157	161	165	179	186	190	192	199	203	205	209	214	233	237	245	0
13	14	20	37	65	70	72	73	76	96	112	161	166	168	175	186	198	202	212	245	246	250	251	254	0
3	8	10	14	16	23	62	64	69	71	77	103	104	128	133	135	145	152	157	158	177	181	189	199	202	213	227	230	233	242	0
1	14	22	36	43	54	56	63	70	71	77	89	97	101	106	108	115	127	132	145	147	148	168	169	182	183	187	189	198	201	220	229	239	244	251	252	0
21	24	25	32	33	64	76	77	81	84	108	121	139	147	152	157	179	200	205	214	220	235	236	237	245	247	254	0
10	11	15	19	20	33	39	56	65	67	76	101	116	117	118	130	143	145	146	149	157	172	173	178	198	200	208	214	229	239	249	250	251	253	0
1	4	5	20	47	48	53	57	61	65	71	74	75	94	97	100	112	125	132	140	148	149	153	163	168	176	194	230	247	250	253	0
5	18	41	50	51	65	66	72	73	74	85	87	95	102	103	108	121	123	145	148	169	196	209	218	219	221	225	247	254	255	0
2	3	10	14	18	30	32	34	37	38	46	48	51	65	66	70	81	85	95	110	116	125	128	129	134	154	162	175	176	184	199	201	209	211	215	216	225	232	235	238	244	247	249	254	0
6	13	42	46	58	85	88	92	102	112	113	114	116	120	124	131	132	136	141	151	156	160	173	174	195	206	212	220	222	232	239	247	250	0
6	13	18	20	32	34	35	37	38	49	61	65	84	90	100	101	103	118	133	136	141	142	170	173	176	184	193	203	204	228	231	247	250	0
12	15	25	28	49	59	60	62	66	74	78	90	91	94	97	112	122	127	129	131	140	154	159	160	165	182	196	197	205	207	211	217	237	251	254	0
9	24	35	44	51	58	90	110	119	128	134	143	144	147	165	199	206	214	218	232	0
6	13	24	31	33	42	44	46	48	55	63	69	88	120	123	126	129	142	146	164	174	196	217	225	230	233	237	254	0
3	9	12	13	14	22	23	35	36	41	42	47	48	60	69	74	80	92	95	98	104	113	116	126	131	137	150	165	169	175	179	180	200	220	223	226	244	246	0
5	21	29	35	41	42	77	78	79	87	92	99	101	112	117	123	140	157	158	164	167	168	175	178	181	184	185	190	191	195	198	200	209	211	220	225	240	0
6	8	10	16	39	41	47	69	90	101	132	136	141	142	150	157	182	185	189	190	191	196	199	202	210	217	218	241	244	246	0
2	3	16	27	31	37	57	64	77	85	96	104	108	141	149	154	169	197	198	199	207	212	213	220	230	241	245	0
7	14	25	34	36	57	79	83	92	118	123	132	141	152	158	169	171	198	201	214	221	223	239	240	243	246	0
1	15	19	25	26	29	37	42	48	49	50	54	73	98	112	115	131	137	148	152	153	156	161	168	188	197	198	200	204	207	221	223	225	226	229	230	235	251	0
14	22	23	24	30	53	55	62	80	81	82	86	101	109	118	122	128	139	144	148	151	152	157	171	188	190	196	202	206	210	222	229	253	0
4	5	7	12	13	55	60	68	81	100	122	124	148	154	162	181	197	202	213	217	221	228	234	245	248	252	253	256	0
3	4	20	23	47	48	50	57	60	66	79	84	85	88	94	97	103	104	109	111	115	120	136	145	150	159	190	194	204	212	213	216	223	228	243	248	252	253	0
2	5	9	17	25	27	29	31	34	48	51	52	63	98	100	103	106	117	129	139	142	145	156	157	160	162	174	195	212	229	232	234	0
3	14	17	39	40	41	47	60	66	76	81	92	102	103	109	112	116	131	146	161	170	177	187	189	190	201	207	218	221	239	249	254	0
18	29	36	43	44	52	53	54	59	77	78	84	102	107	108	109	119	126	132	139	142	145	149	153	158	159	163	168	176	188	191	198	202	222	223	227	237	250	0
12	22	23	25	37	38	65	71	87	105	110	144	145	161	173	180	191	211	212	236	0
3	7	11	14	17	21	23	30	47	60	64	73	76	81	92	103	109	116	126	130	144	162	166	181	191	196	198	211	217	223	231	235	243	0
35	53	57	58	70	84	89	93	101	106	107	123	132	133	145	172	179	185	206	208	211	212	215	255	0
5	11	12	18	19	30	46	51	85	103	113	114	119	124	129	139	154	155	159	163	167	185	193	211	227	228	233	234	236	241	244	249	250	0
14	15	20	49	69	76	80	91	93	120	123	143	152	156	162	175	177	192	195	203	208	211	215	229	0
1	30	32	43	56	60	62	63	68	69	70	73	75	80	85	86	90	98	108	127	132	140	156	174	183	204	213	218	247	250	0
15	26	51	57	77	79	94	95	123	126	132	134	137	142	155	158	163	176	178	187	193	201	202	211	215	223	228	233	236	242	243	246	249	251	252	0
13	15	24	30	31	41	47	67	72	77	80	92	93	94	97	99	107	123	129	133	140	178	180	181	196	205	207	216	223	240	241	253	0
11	14	15	23	38	39	40	42	43	46	48	50	51	53	57	59	72	84	87	92	109	111	116	117	122	131	140	141	142	147	155	168	204	218	223	231	240	241	0
1	28	42	45	58	60	62	68	96	111	116	117	140	146	148	157	165	176	178	181	195	210	220	229	230	236	0
6	10	23	24	27	47	51	57	67	73	93	98	123	128	135	142	150	152	158	164	167	173	175	189	191	193	194	195	212	217	220	222	246	0
5	8	9	13	28	46	47	48	51	53	54	58	59	61	69	95	98	103	135	148	150	154	167	170	185	193	195	196	197	198	200	201	225	230	239	255	0
5	10	19	20	24	28	34	39	44	45	49	50	59	68	73	74	77	87	95	101	116	125	131	135	156	158	160	173	178	184	190	194	196	206	232	236	237	241	242	248	249	251	0
4	21	26	42	43	59	69	90	92	94	95	97	104	111	113	134	141	144	149	150	161	164	169	181	190	193	214	219	221	240	250	0
18	28	34	42	65	78	82	96	112	125	136	203	205	206	212	217	222	232	233	241	246	249	250	251	0
4	5	9	11	30	37	44	51	64	68	92	104	105	109	133	138	140	149	152	155	169	174	177	181	190	192	195	198	201	207	214	218	221	227	231	237	248	0
11	19	32	44	45	49	51	68	70	71	76	79	81	85	89	94	110	115	116	132	135	136	145	147	175	192	197	201	210	211	221	238	241	243	246	255	0
15	16	31	48	53	65	68	79	84	99	109	114	115	120	138	144	147	161	165	182	190	195	197	212	227	230	245	250	254	0
5	12	21	26	32	33	38	54	79	99	113	123	129	130	132	134	147	174	187	188	206	209	211	214	218	229	232	239	249	252	0
29	32	33	61	62	68	69	73	89	92	112	113	116	117	121	123	131	134	160	162	165	172	197	199	202	204	232	233	0
5	13	14	25	41	62	68	69	75	78	79	84	94	97	104	105	108	112	115	126	128	136	140	141	150	167	176	184	205	206	207	209	211	216	229	238	242	245	254	0
8	14	26	27	61	63	65	75	85	93	104	105	115	120	125	151	160	164	168	189	199	216	238	241	248	254	0
1	6	16	46	65	75	80	88	90	130	134	142	150	157	164	175	222	229	249	251	256	0
11	17	27	29	41	61	67	82	95	99	132	135	139	145	162	168	169	170	181	194	196	207	208	214	217	236	239	242	243	249	0
4	9	14	16	38	50	55	79	83	92	100	113	117	127	136	147	150	153	164	168	170	171	188	199	202	210	217	218	221	231	240	248	0
1	3	11	12	24	33	43	48	74	77	115	141	150	161	167	168	172	189	192	199	204	209	235	237	0
12	26	27	28	31	33	47	55	56	66	70	81	90	91	104	133	141	158	170	173	186	197	208	222	224	233	234	244	246	253	256	0
10	17	31	32	36	46	52	53	56	58	64	77	83	85	88	98	100	102	103	106	114	115	127	137	140	147	155	164	166	192	202	203	206	212	215	225	249	253	0
12	15	18	21	27	34	40	53	62	79	91	99	154	157	171	187	188	195	199	200	205	216	226	229	241	254	255	0
1	4	17	18	27	28	32	33	38	41	48	49	50	58	65	67	76	78	108	110	117	128	131	155	164	182	186	205	209	218	222	226	235	244	253	0
8	24	32	40	42	50	57	58	83	84	95	97	102	116	131	150	160	163	179	194	195	218	225	226	233	237	243	251	255	0
17	35	39	55	58	66	73	81	101	120	123	134	144	158	159	170	181	182	196	201	206	219	226	233	236	243	245	0
8	22	28	39	58	59	67	72	78	82	90	106	116	125	129	146	155	174	184	186	189	192	197	206	217	218	229	231	232	235	245	253	254	0
10	31	38	40	42	59	60	78	81	83	93	99	103	114	128	134	148	151	158	190	195	199	200	201	208	209	219	223	228	247	248	0
7	10	29	34	36	38	40	43	53	59	61	75	97	114	118	135	143	147	159	165	199	223	230	241	256	0
5	10	15	26	36	48	50	52	55	64	68	79	81	84	89	94	104	108	115	125	126	147	150	154	162	166	176	183	189	210	215	229	230	233	236	238	249	253	254	256	0
31	33	36	48	49	59	60	61	65	70	73	76	79	86	88	95	98	101	102	112	114	119	133	135	140	142	145	159	163	165	167	175	178	196	201	204	208	215	224	243	0
10	13	21	23	25	29	38	42	48	49	51	57	58	62	72	80	98	103	111	122	132	145	148	166	179	195	209	222	224	231	233	239	256	0
3	9	20	34	37	43	45	50	55	78	82	102	109	114	115	118	127	129	136	141	158	167	171	186	187	188	192	217	218	228	232	239	248	255	0
54	72	106	107	108	112	119	130	132	162	166	167	172	176	180	206	208	216	234	241	0
23	42	46	48	54	56	67	69	79	80	86	92	110	112	116	120	134	140	145	146	147	153	157	159	162	169	170	174	178	181	189	211	213	216	224	229	237	249	0
17	19	20	28	29	30	34	63	84	89	102	123	148	150	161	165	174	176	184	188	199	203	216	221	228	236	249	252	256	0
12	22	36	43	49	61	65	69	111	113	146	156	170	178	181	185	188	200	232	0
6	8	9	30	54	56	57	58	74	90	93	95	99	119	141	167	182	194	214	221	222	236	238	241	0
19	31	50	65	68	76	81	85	101	103	104	105	111	116	123	132	136	142	148	150	163	166	171	176	178	183	185	186	207	208	215	226	229	233	248	255	256	0
7	16	27	29	36	46	62	64	79	80	86	87	88	104	109	116	121	122	134	139	150	153	163	164	173	177	179	181	183	192	194	196	202	211	229	230	233	240	242	253	255	0
5	9	15	34	45	51	59	69	80	83	86	93	95	102	104	106	118	132	140	143	144	147	159	163	170	175	191	199	203	219	232	234	236	237	0
34	37	70	75	82	100	130	142	149	163	164	165	174	176	183	193	198	207	208	210	211	227	242	246	248	251	256	0
1	33	41	48	61	67	82	90	96	97	109	113	127	142	158	162	180	182	186	189	205	209	211	213	225	227	238	240	243	251	0
3	4	23	56	72	73	75	77	92	93	95	96	98	112	119	132	133	136	154	157	160	168	192	198	200	202	223	226	233	244	246	253	254	0
5	9	16	20	22	40	45	58	75	83	94	105	128	136	138	153	158	165	176	202	203	212	241	247	0
2	6	23	33	38	42	43	48	64	66	67	73	74	82	104	112	113	114	120	123	130	131	136	142	155	156	162	165	170	171	173	178	189	199	202	208	211	213	216	225	227	228	238	241	248	0
7	9	14	19	27	34	65	73	76	77	89	90	91	105	107	129	133	137	140	149	152	172	177	186	195	205	207	221	227	228	229	246	248	0
11	19	31	32	41	59	62	65	75	76	87	95	109	111	143	148	154	166	172	175	176	184	196	206	217	219	222	225	245	246	252	254	0
29	32	33	36	42	48	56	57	84	86	92	106	107	109	116	118	120	121	126	131	137	140	141	152	158	161	167	176	177	191	210	211	223	224	225	240	0
4	13	15	17	22	29	30	40	47	53	57	61	70	79	90	117	129	154	198	199	216	223	229	240	247	252	253	256	0
6	7	20	37	61	66	72	74	88	89	90	100	106	111	148	150	171	176	183	186	188	197	206	211	217	220	225	230	236	248	0
4	12	34	50	56	64	76	89	95	120	136	141	146	155	163	169	179	189	192	197	205	206	219	243	245	250	255	256	0
16	17	40	43	65	78	81	87	91	99	107	124	131	145	149	151	164	170	173	194	204	206	208	221	236	244	256	0
6	20	23	46	50	70	99	102	104	111	123	125	128	147	153	175	183	203	207	224	235	251	253	0
13	17	18	27	59	62	79	89	93	100	101	108	138	147	170	171	179	181	188	199	210	214	225	230	233	235	244	0
5	10	20	28	36	49	55	56	65	69	70	72	74	75	85	86	90	93	105	118	124	136	145	164	175	176	200	203	206	211	214	227	237	242	249	0
16	30	48	62	72	85	88	95	102	106	108	122	127	129	134	144	146	150	162	171	185	186	187	188	208	229	242	248	0
1	7	12	17	44	59	81	92	95	99	127	130	132	136	142	171	203	207	208	215	224	225	227	235	241	247	248	0
2	5	37	49	50	58	67	79	81	93	108	115	117	126	145	167	172	173	182	221	227	229	248	0
1	6	26	36	38	40	44	55	57	59	61	63	69	70	71	89	94	96	109	113	121	137	150	163	175	176	182	188	193	211	216	219	224	0
3	6	30	39	56	68	78	91	93	97	100	115	119	131	135	136	144	147	158	180	186	197	203	208	215	219	226	229	234	241	250	254	256	0
9	11	28	37	50	67	69	76	95	99	102	126	132	140	141	142	143	153	161	164	170	190	204	217	219	223	227	238	245	247	256	0
3	12	29	39	40	42	54	61	66	83	85	106	109	117	118	120	123	125	141	143	154	157	163	173	177	181	188	193	203	206	219	221	240	0
10	13	16	18	23	32	33	34	42	44	57	65	70	81	82	84	105	113	115	130	132	137	143	146	147	174	193	200	201	207	209	210	219	220	238	242	243	246	253	0
4	8	17	23	33	34	35	36	56	71	97	123	131	133	135	140	149	167	174	175	176	185	186	196	199	214	215	218	221	229	233	250	254	0
2	17	27	34	44	45	57	67	68	85	99	106	107	116	121	132	134	135	139	150	160	166	173	184	198	204	219	230	235	241	244	247	252	0
19	27	35	41	44	46	51	55	64	71	73	76	85	89	95	104	117	119	120	121	145	169	175	176	181	192	198	199	201	216	226	227	248	256	0
8	10	16	22	26	51	53	73	77	84	87	88	109	111	119	136	153	168	170	189	197	203	205	210	225	242	244	245	250	0
6	31	35	36	39	56	80	94	107	119	120	122	127	136	138	142	147	154	156	163	169	171	182	184	186	187	198	202	204	207	230	251	254	0
10	12	24	29	46	47	52	60	64	66	88	90	120	124	134	140	147	152	156	158	159	170	178	182	189	192	193	195	196	198	200	201	205	212	217	250	254	256	0
15	22	43	46	64	75	98	115	121	135	148	149	160	173	181	185	189	191	198	240	246	247	249	251	256	0
2	6	9	24	32	38	48	75	79	80	96	106	108	122	141	147	154	160	164	167	172	178	194	195	209	210	211	216	217	220	229	231	234	236	242	0
9	12	14	20	37	54	59	62	79	83	93	101	111	114	128	136	137	143	165	166	180	183	184	186	187	188	196	225	233	241	246	0
9	11	23	24	26	36	44	66	67	71	78	84	85	100	106	112	118	132	142	149	155	157	161	166	168	178	187	189	196	200	202	205	226	243	253	256	0
3	13	29	32	49	52	55	61	63	76	78	80	95	102	105	116	131	135	137	140	143	146	149	150	152	157	161	166	168	191	218	242	247	0
4	10	16	18	28	41	62	72	94	100	111	141	148	150	164	181	188	190	194	206	207	211	215	224	230	233	242	246	0
6	8	10	16	20	24	32	50	69	75	85	102	103	105	108	132	136	138	140	147	171	173	175	184	188	190	201	202	234	0
2	19	25	27	34	38	43	57	58	70	74	84	98	126	133	141	153	156	188	190	195	202	206	207	215	221	227	255	256	0
7	15	16	18	19	20	33	46	47	52	63	84	96	103	135	144	162	174	182	183	191	200	204	210	214	215	216	225	226	254	0
1	4	30	32	41	62	72	85	91	97	103	105	109	111	119	127	136	138	141	156	164	168	172	177	187	189	195	207	210	243	246	0
14	15	35	38	41	42	43	50	52	56	66	73	81	86	113	125	127	139	144	160	161	170	171	180	188	196	200	201	203	210	213	223	231	253	0
10	16	32	46	60	64	73	101	131	140	141	143	152	155	174	180	190	192	195	210	229	240	246	254	256	0
1	5	10	11	27	47	48	52	67	69	78	80	85	108	116	128	137	149	167	170	174	178	194	203	207	219	245	248	0
5	6	14	27	40	55	59	66	68	85	86	98	99	107	138	140	158	166	172	200	210	217	218	225	231	244	251	253	0
3	13	35	52	59	66	70	71	122	125	128	134	140	144	148	152	158	162	166	170	174	190	206	222	254	0
9	28	29	35	45	52	53	63	65	73	94	102	114	124	134	158	170	174	175	181	201	203	208	232	245	248	250	0
3	6	11	42	43	53	64	67	68	69	89	90	95	114	120	124	134	137	138	152	156	158	161	164	174	177	178	179	182	192	198	200	214	222	229	235	246	249	0
3	10	12	20	27	39	42	43	50	61	62	72	73	86	94	106	117	121	128	131	136	144	147	153	169	171	172	175	181	193	194	195	201	220	233	242	0
3	10	23	33	41	44	48	53	66	70	85	86	90	92	94	108	109	111	113	129	163	177	178	179	183	186	195	205	223	254	0
10	14	18	29	61	85	86	95	96	97	106	142	150	172	176	180	194	197	198	210	215	228	235	241	242	248	0
9	12	22	23	35	40	46	65	70	100	111	112	121	123	128	134	141	145	153	168	171	183	188	198	200	201	220	226	229	240	245	254	0
10	31	43	55	59	64	67	80	99	102	106	107	109	143	161	164	165	171	189	194	200	202	203	204	237	238	240	248	256	0
2	22	41	45	47	56	76	92	106	108	119	126	139	141	154	173	177	184	189	191	193	198	213	214	216	224	232	242	247	250	0
8	39	43	45	48	66	79	85	93	100	105	106	107	111	113	124	126	129	133	148	171	173	179	181	183	189	190	201	208	213	214	217	233	240	251	0
1	2	32	33	45	50	52	77	81	83	86	90	97	103	107	108	119	127	132	141	149	166	171	174	175	182	199	203	209	234	236	241	0
10	25	32	65	67	68	81	87	89	91	107	112	113	115	122	128	152	153	162	169	191	205	215	220	222	226	244	248	0
16	32	48	56	64	71	73	75	85	87	88	89	95	97	107	111	143	145	151	167	168	170	171	172	188	191	192	194	219	220	224	230	234	250	255	0
13	14	15	24	34	41	48	54	55	56	65	70	72	78	82	86	87	115	117	120	121	124	129	130	137	142	147	151	156	166	168	196	206	230	235	249	0
3	11	24	33	35	42	55	57	61	74	75	84	85	89	107	124	129	138	145	157	165	171	175	180	182	185	188	192	193	214	221	226	239	250	252	0
8	10	13	36	43	47	50	54	60	73	78	88	94	102	107	111	112	127	129	132	165	168	171	178	182	187	189	192	195	206	209	229	237	239	240	241	255	0
7	16	30	45	56	60	71	72	86	90	91	95	102	115	120	123	141	145	146	147	170	175	178	179	193	217	222	233	245	0
2	8	9	22	33	37	38	42	54	55	61	63	66	70	80	100	110	123	137	142	146	155	157	159	162	164	169	182	184	187	193	196	209	212	213	225	232	0
7	9	12	17	24	30	34	46	51	53	58	67	69	80	89	92	101	104	115	121	132	154	163	167	170	180	193	211	214	228	232	237	244	248	256	0
10	12	19	23	52	55	61	62	63	64	68	70	74	81	103	110	116	124	125	144	148	153	169	171	175	190	197	212	217	219	225	230	237	242	252	0
5	12	21	24	25	27	40	44	54	56	62	66	79	82	90	98	108	110	114	116	123	127	128	135	149	152	153	154	157	164	177	179	186	199	201	229	233	248	252	255	0
2	3	5	6	9	10	16	38	40	44	49	56	60	63	81	87	89	94	103	111	116	119	140	143	148	155	159	165	170	177	179	181	184	215	228	235	244	256	0
6	12	15	31	32	33	34	36	48	63	75	98	100	119	122	129	132	135	140	143	147	154	158	159	162	187	195	234	244	245	251	0
1	25	31	37	38	44	47	51	54	59	70	77	78	85	114	116	121	125	129	133	144	165	173	196	201	203	211	213	223	227	244	252	255	0
3	12	27	32	42	44	53	57	60	61	63	65	68	86	90	105	112	120	131	143	150	156	165	169	173	180	181	182	183	185	191	218	223	224	230	234	240	243	246	251	255	0
11	12	22	25	31	40	52	78	81	85	96	97	98	99	100	102	112	114	116	136	141	143	144	147	150	152	157	161	173	177	204	209	217	219	224	229	234	243	249	253	0
1	8	12	13	15	18	22	29	30	40	45	51	56	62	65	71	79	87	92	93	96	98	106	110	113	123	146	171	203	205	221	232	234	0
1	4	16	21	28	37	39	51	53	65	72	87	91	92	101	136	144	147	182	194	195	203	209	221	224	225	233	234	236	240	245	246	256	0
12	16	40	53	58	61	69	70	74	75	82	88	109	111	114	119	139	156	157	166	180	188	194	195	200	204	215	216	220	230	236	244	248	249	253	0
9	10	11	21	22	25	42	45	78	98	100	102	123	131	132	140	159	162	166	177	179	180	191	197	207	214	226	227	229	237	242	245	254	256	0
4	10	11	14	17	19	32	63	66	69	78	92	103	116	117	124	135	136	137	147	151	161	168	173	180	194	214	233	244	250	253	254	0
8	16	32	45	48	49	54	68	69	81	83	86	91	97	106	110	119	120	128	134	149	152	163	171	173	185	195	202	205	211	226	234	235	238	0
2	14	15	18	23	27	32	36	39	66	77	82	86	94	101	104	111	114	120	125	126	128	134	166	176	185	210	219	220	233	256	0
5	20	22	23	31	36	38	39	66	68	77	109	127	129	142	149	153	161	162	163	164	165	167	184	198	205	211	218	226	227	231	238	244	0
1	15	30	38	43	48	49	50	51	73	74	79	84	85	87	105	106	152	165	173	189	192	197	198	214	218	224	238	241	243	248	0
3	12	16	20	27	28	32	34	35	56	59	67	68	77	88	89	91	94	109	111	112	120	137	139	148	154	160	164	166	179	200	212	213	223	226	231	234	254	0
2	8	15	22	28	29	45	47	57	61	69	79	90	95	106	110	118	122	125	133	139	149	186	188	197	202	0
9	10	11	20	40	43	53	59	60	64	84	88	89	92	95	97	102	103	104	129	130	145	150	151	163	182	190	209	210	221	229	238	239	242	0
6	8	12	25	26	29	32	36	43	55	122	132	133	136	150	155	159	161	177	194	198	210	211	213	220	225	228	244	245	255	0
4	14	20	34	38	62	69	77	78	83	85	89	107	123	126	144	147	149	150	152	156	159	169	174	180	185	203	205	213	224	235	236	243	247	250	0
6	32	43	57	59	62	84	89	124	125	126	127	140	145	162	168	175	180	192	197	200	215	217	219	221	234	237	247	251	0
2	7	9	13	21	37	47	49	60	72	95	99	111	113	143	144	147	148	157	159	160	163	168	179	209	215	219	228	229	234	237	240	241	243	246	249	250	0
6	10	12	28	49	50	56	61	64	80	91	92	99	102	129	134	137	147	148	191	204	207	224	227	234	236	241	0
1	10	35	40	57	73	75	89	90	93	100	105	114	116	118	124	128	131	136	140	141	148	151	158	160	162	166	173	183	188	192	201	206	211	215	223	227	230	236	240	242	246	256	0
2	10	15	28	29	47	55	57	58	59	61	72	76	83	87	89	105	107	113	130	131	141	152	156	167	170	177	198	199	205	210	214	229	236	238	243	0
1	5	30	32	37	62	65	80	97	104	111	120	128	133	173	182	185	219	221	238	239	241	242	243	245	250	253	0
6	29	40	47	51	57	69	78	79	82	93	108	110	114	115	128	134	138	142	187	194	203	204	212	235	240	245	0
1	5	6	12	14	22	23	25	26	60	63	67	70	72	83	99	102	110	115	122	126	127	131	133	140	141	145	156	166	174	177	189	195	202	206	213	216	218	235	238	245	250	252	0
3	5	9	17	22	31	32	33	51	54	57	64	91	93	99	122	135	142	162	173	178	196	198	208	210	211	212	213	217	221	226	227	228	239	240	241	244	246	252	0
9	14	18	19	23	37	40	42	54	59	62	74	78	89	97	121	125	128	155	156	159	167	188	191	199	207	217	225	232	233	238	241	243	254	0
2	3	10	12	14	18	19	21	23	30	52	59	68	74	96	99	102	105	108	119	127	131	137	139	142	152	154	173	196	213	214	225	228	229	230	253	0
6	8	9	20	26	27	36	51	56	62	70	74	81	83	95	108	111	121	126	136	142	157	193	201	204	205	215	226	227	242	248	256	0
1	25	35	37	42	51	58	61	64	67	78	112	116	117	131	139	144	147	163	165	193	217	219	220	223	230	231	233	235	247	0
3	9	12	14	17	29	49	64	73	75	79	88	94	107	114	119	133	134	200	201	223	231	234	242	247	256	0
6	21	26	38	85	88	103	104	109	120	141	144	150	151	164	172	183	192	193	195	201	210	213	227	229	232	234	248	251	0
11	13	38	50	52	56	57	61	86	87	99	103	104	108	110	112	117	124	130	135	139	146	147	159	162	167	174	191	196	201	220	227	228	231	234	235	248	0
2	6	16	27	29	38	42	54	65	72	102	108	116	119	141	143	157	158	165	169	173	176	177	189	191	194	205	215	223	229	231	237	239	0
1	2	5	23	28	33	38	39	41	59	67	88	92	97	102	112	119	126	127	132	144	153	165	175	181	210	211	220	225	227	230	231	235	246	0
6	14	25	27	32	46	48	62	73	78	84	86	99	122	125	145	154	156	167	169	185	197	204	207	208	209	214	216	219	224	234	252	253	0
7	26	29	43	46	47	49	62	63	69	70	71	74	87	91	113	116	127	128	149	153	163	169	184	187	192	202	208	213	215	224	231	232	233	249	252	0
4	11	12	17	18	19	29	37	43	60	62	71	84	86	88	102	106	110	112	122	143	145	148	149	165	172	174	177	181	183	188	210	213	227	229	234	243	256	0
5	11	21	26	31	33	40	49	67	68	74	76	77	78	79	80	101	129	146	151	159	163	167	172	176	194	225	226	238	239	0
23	30	37	51	53	68	91	92	108	111	117	120	129	134	140	143	147	148	152	158	159	160	168	184	187	191	193	197	204	206	214	220	237	240	241	251	0
4	21	24	25	35	55	61	62	75	78	94	99	102	108	110	114	118	119	123	131	136	137	157	172	188	199	211	214	227	245	254	0
2	34	37	44	63	67	71	75	76	79	80	95	99	101	109	110	113	153	162	166	169	171	187	194	198	200	216	225	227	231	233	254	0
7	8	9	21	23	37	44	49	58	59	64	71	73	75	81	89	102	108	110	118	126	143	144	155	170	172	185	195	208	210	226	240	248	256	0
7	12	18	34	39	54	73	91	92	102	114	137	149	151	167	200	205	206	209	233	234	244	245	254	0
6	7	25	32	60	75	76	90	91	92	103	122	123	125	128	131	141	145	151	155	165	175	182	185	211	214	216	231	236	244	0
3	15	19	27	37	59	68	71	74	77	78	81	83	94	113	116	117	124	128	131	145	149	162	166	170	171	180	183	186	190	192	215	216	221	235	249	250	252	0
6	11	24	34	40	42	43	47	77	98	107	112	124	126	134	140	141	153	179	198	201	206	209	210	224	0
1	9	12	18	21	22	46	50	60	66	69	91	118	122	130	131	133	137	140	143	151	153	154	162	163	168	171	172	175	179	183	193	204	207	213	215	218	229	237	239	246	251	0
