256
0
0
0
54	0
0
152	0
0
0
0
157	0
112	0
114	0
0
0
172	0
0
167	0
0
0
0
236	0
0
0
0
0
0
0
0
0
0
93	0
0
0
0
0
0
0
0
0
0
64	0
0
104	0
0
0
0
0
0
157	245	0
0
0
196	0
0
4	0
0
228	0
0
0
223	0
0
151	0
0
216	0
41	0
0
0
0
0
0
0
0
0
0
179	0
0
0
0
0
0
170	0
0
0
0
0
0
142	0
0
0
0
122	0
0
0
31	0
0
0
0
0
0
244	0
0
0
134	252	0
133	0
43	0
0
217	0
0
0
0
0
0
11	0
0
12	0
0
141	0
0
0
0
0
0
90	0
0
0
0
0
0
0
0
0
0
0
103	0
102	0
234	0
0
0
0
0
0
116	0
86	0
0
0
0
0
0
0
0
0
61	0
6	0
0
173	0
0
0
10	49	0
0
0
0
0
0
0
0
0
0
17	241	0
0
0
80	0
0
15	0
154	0
0
0
0
0
0
74	0
0
0
0
0
0
0
0
0
0
0
0
0
0
0
0
0
52	0
0
0
0
0
0
0
0
0
0
0
0
0
0
0
0
0
0
0
0
63	0
106	0
219	0
218	0
0
0
0
59	0
0
0
0
0
56	0
0
0
0
0
0
135	0
0
21	0
0
0
0
0
167	0
0
0
99	0
49	0
0
0
0
0
0
0
102	0
0
0
0
0
