256
7	12	18	20	21	23	25	27	30	32	34	35	37	40	43	49	51	52	54	56	57	62	68	74	76	82	84	87	90	104	106	107	108	116	127	130	132	134	135	136	145	146	154	158	161	162	165	166	167	168	170	175	178	184	185	190	210	212	217	222	227	228	230	233	235	239	246	252	253	256	0
3	9	16	18	23	26	33	34	38	39	47	52	54	55	60	61	62	63	68	70	71	79	82	91	97	107	109	110	119	120	122	126	127	132	134	143	147	148	151	153	159	160	164	170	174	183	186	192	194	200	202	206	208	215	219	224	226	230	234	242	0
2	5	8	14	15	21	23	25	28	36	38	42	51	52	53	55	56	59	60	61	63	65	67	69	73	75	77	78	79	85	93	98	101	111	114	128	129	130	132	136	155	158	159	162	165	168	172	174	180	183	189	192	195	201	202	203	212	223	230	239	240	241	242	245	249	251	252	254	0
5	10	17	23	24	35	43	52	56	57	58	59	60	63	64	68	70	73	74	83	96	98	99	106	115	119	120	121	122	125	128	131	133	138	142	145	147	148	151	157	162	163	174	181	183	184	185	188	189	192	197	205	207	215	216	221	225	227	229	232	235	236	237	239	243	252	0
3	4	8	14	16	19	27	32	39	51	53	54	55	57	68	69	73	81	84	85	91	93	95	110	112	113	115	117	121	125	126	130	135	143	146	150	159	160	172	173	176	179	182	186	188	189	190	192	199	201	202	206	207	210	212	216	222	225	227	235	236	240	244	245	248	253	254	255	0
18	27	28	30	33	38	39	40	41	44	60	61	63	66	69	89	92	96	97	103	112	115	118	119	124	125	128	134	141	143	144	148	152	156	158	165	168	181	187	190	191	195	199	200	201	205	212	213	214	233	234	235	241	243	245	246	250	252	256	0
1	8	11	19	21	22	26	32	33	36	40	49	52	53	55	56	61	64	65	70	75	82	83	86	92	98	100	104	107	114	124	131	135	136	139	143	147	150	156	158	166	171	172	178	181	184	187	189	190	192	197	201	205	209	221	222	226	229	233	235	239	247	254	255	0
3	5	7	11	13	24	25	28	29	31	32	33	48	51	57	66	70	73	75	77	81	82	87	89	90	91	99	100	101	110	112	114	118	120	121	122	124	147	157	160	171	175	176	179	182	189	197	199	202	207	208	210	215	219	224	227	228	233	240	241	243	251	0
2	11	16	21	22	23	26	28	30	48	49	54	56	58	72	73	75	76	77	81	86	88	89	96	99	102	111	118	120	123	124	131	138	141	143	149	156	162	166	167	172	181	185	193	196	200	214	215	216	217	219	221	224	227	232	233	250	0
4	13	18	19	22	23	25	33	39	48	49	50	52	54	57	58	60	66	70	72	75	80	85	86	92	104	105	112	119	124	126	137	139	142	146	148	149	150	160	162	171	173	179	180	183	186	193	200	201	202	205	217	219	221	222	227	231	232	233	237	239	240	241	248	252	253	256	0
7	8	9	12	16	17	19	22	25	27	28	36	43	51	52	54	61	67	69	71	74	79	85	89	91	93	98	99	106	108	112	117	122	128	132	138	145	150	161	167	169	170	172	180	182	185	189	197	200	204	208	213	215	229	237	239	241	243	246	249	252	0
1	11	16	17	19	25	27	28	43	52	54	57	58	60	62	65	80	84	86	87	93	102	105	106	107	108	109	111	113	121	122	124	125	126	131	134	135	136	137	138	142	148	155	157	159	166	169	172	178	179	180	181	182	184	187	193	194	198	215	219	225	232	237	238	242	246	249	0
8	10	18	19	22	24	26	28	31	41	52	63	71	77	82	86	88	89	93	95	97	100	106	107	109	110	113	116	118	120	121	132	133	134	136	142	151	157	159	160	168	186	187	188	190	191	192	198	201	208	209	210	218	225	227	234	238	239	241	247	251	253	254	0
3	5	15	19	37	39	44	45	46	48	60	61	70	79	80	84	86	93	94	95	99	110	112	115	117	121	124	126	133	136	139	142	144	149	151	154	155	162	163	165	167	171	174	179	183	189	191	192	204	207	217	218	223	225	227	232	238	241	245	248	256	0
3	14	16	19	25	27	34	37	45	51	61	66	74	77	78	80	83	87	90	91	92	100	106	110	112	118	119	121	122	123	124	130	133	137	141	171	173	185	187	188	189	190	203	213	215	228	229	243	247	256	0
2	5	9	11	12	15	19	22	26	35	41	45	47	52	61	64	66	73	89	91	92	103	106	108	123	125	126	142	144	147	150	159	171	173	176	179	180	182	188	196	205	206	207	210	211	225	226	234	238	239	253	0
4	11	12	19	24	36	40	41	44	45	49	52	60	66	69	77	79	80	84	86	88	89	91	93	96	99	101	102	103	110	111	118	119	121	122	124	130	132	134	139	151	152	154	157	159	179	185	190	193	198	199	203	210	211	212	216	220	225	229	231	233	234	238	240	246	248	0
1	2	6	10	13	24	30	38	40	41	49	51	57	63	68	70	71	75	78	82	84	96	97	102	104	105	112	133	136	138	141	143	145	147	151	156	157	161	164	169	171	179	180	182	186	187	191	193	196	200	205	207	209	213	217	219	221	223	227	232	233	243	248	252	255	0
5	7	10	11	12	13	14	15	16	17	22	33	35	48	50	52	53	54	56	59	61	65	67	68	69	79	80	84	88	90	93	94	97	99	100	110	115	116	118	119	120	126	127	148	151	156	159	161	163	165	169	176	178	179	186	197	202	214	218	223	227	233	235	236	239	243	244	246	247	250	252	253	0
1	22	30	31	42	52	53	54	55	57	59	60	65	66	71	77	87	88	90	92	94	95	99	110	111	113	114	118	119	122	125	126	127	135	141	144	149	153	160	168	179	182	184	188	193	203	206	212	217	219	222	225	226	230	234	242	243	246	255	256	0
1	3	7	9	25	28	33	36	37	42	47	59	60	62	66	72	73	80	85	86	89	90	93	101	103	110	113	115	116	122	126	129	135	137	138	140	146	153	155	157	158	160	163	166	167	171	173	183	185	195	197	203	205	213	219	221	222	227	230	232	248	249	250	253	0
7	9	10	11	13	16	19	20	24	26	28	32	44	45	48	53	70	72	78	80	88	90	91	99	104	110	112	113	121	124	126	127	128	135	139	143	149	151	152	156	165	171	173	182	185	186	188	198	199	200	203	205	211	214	215	220	225	226	228	231	233	235	241	244	250	254	0
1	2	3	4	9	10	28	30	34	41	48	49	52	53	54	55	56	58	61	62	63	66	67	70	71	77	83	84	85	87	89	92	95	98	101	103	106	108	123	126	129	136	137	145	148	149	153	156	162	163	165	166	171	179	181	182	184	185	195	200	204	206	207	208	216	220	221	225	226	229	231	235	242	243	247	251	0
4	8	13	17	18	22	30	35	37	42	62	65	68	75	77	84	86	88	96	103	114	116	121	124	125	127	136	141	145	151	153	154	155	158	160	165	167	176	177	180	181	183	184	189	191	192	195	198	199	207	209	214	215	220	226	229	230	232	233	236	240	0
1	3	8	10	11	12	15	21	26	30	33	36	37	38	45	47	57	63	67	68	71	77	80	82	83	89	90	94	98	102	111	115	123	124	126	131	132	133	134	135	139	140	150	151	158	159	169	175	179	190	192	194	197	200	204	216	220	225	231	234	236	239	244	245	248	250	252	253	254	0
2	7	9	13	16	22	25	47	48	49	51	52	56	59	60	62	63	65	70	71	72	86	88	109	112	117	120	122	129	131	133	134	138	140	143	144	147	161	164	167	170	172	174	175	179	180	183	185	187	207	213	218	219	222	228	230	236	238	244	245	251	252	255	0
1	5	6	11	12	15	31	36	39	41	43	45	51	57	58	60	62	63	72	80	82	83	86	87	93	95	100	104	106	112	120	123	128	135	137	141	145	152	154	163	165	172	179	183	187	191	194	195	199	201	202	205	207	208	210	214	215	217	218	220	221	224	230	236	238	246	249	250	251	256	0
3	6	8	9	11	12	13	21	22	23	33	40	44	46	50	52	54	56	57	61	63	70	75	76	79	82	83	84	91	97	98	100	101	107	109	110	111	120	124	130	137	141	143	144	147	152	153	168	173	180	183	184	189	190	200	213	214	215	223	226	242	247	248	251	255	0
8	35	36	37	38	44	47	49	53	56	58	61	62	67	82	87	91	94	95	101	105	110	124	127	129	133	136	141	144	145	146	149	150	154	160	165	168	170	174	177	181	182	185	191	195	202	203	204	205	208	210	223	224	225	230	233	237	242	247	248	251	252	253	255	256	0
1	6	9	18	20	23	24	25	32	36	37	39	48	49	51	52	54	57	58	62	64	67	70	72	74	76	78	79	86	87	88	94	95	96	97	107	111	122	123	125	135	139	144	150	161	164	165	169	174	180	181	189	192	201	203	208	212	218	229	231	233	238	240	243	245	249	251	254	256	0
8	13	20	27	33	35	41	49	52	58	60	61	64	68	70	72	78	81	84	91	92	97	98	103	104	105	106	113	114	117	119	121	129	131	146	147	153	161	172	174	176	177	180	183	186	190	192	194	196	197	200	203	204	208	211	212	213	218	222	227	231	235	239	247	248	255	0
1	5	7	8	22	30	43	46	54	58	59	64	66	68	70	72	73	79	81	83	90	99	104	109	112	116	126	133	134	137	145	151	152	156	157	158	162	164	166	169	175	176	180	182	187	189	196	198	205	207	208	212	214	218	224	225	226	235	236	239	242	249	252	253	255	0
2	6	7	8	10	19	21	25	28	31	35	36	38	40	52	56	61	62	68	69	72	75	79	81	83	86	87	91	93	95	108	110	112	113	119	120	137	139	146	150	151	153	168	169	171	177	178	186	192	197	203	205	213	222	223	224	226	232	233	245	247	254	256	0
1	2	15	23	38	41	46	47	50	53	57	59	61	63	79	82	84	87	90	91	93	95	107	110	113	116	119	121	125	126	138	140	142	143	149	154	161	163	173	174	189	192	195	196	199	200	202	212	215	218	220	225	239	246	0
1	4	16	19	24	29	31	33	36	42	43	45	47	48	54	55	56	60	70	77	78	81	96	107	110	115	117	119	130	132	137	139	140	146	147	151	156	158	161	167	168	177	186	188	189	190	197	200	203	205	216	217	228	229	230	231	235	236	237	245	249	254	256	0
3	7	11	17	21	25	27	29	30	33	35	45	46	47	48	50	51	52	53	54	55	56	59	62	63	71	72	79	81	85	87	89	90	92	93	94	97	103	118	120	126	129	130	143	144	149	153	172	174	175	177	183	189	191	192	193	194	195	197	200	201	202	204	205	209	216	225	226	231	232	233	236	243	244	246	250	254	0
1	14	15	21	24	25	29	30	39	48	50	51	61	69	70	74	78	80	81	83	86	89	93	95	99	103	105	106	108	111	115	119	125	129	131	138	139	144	151	157	161	163	168	171	172	175	177	179	180	186	203	210	212	218	224	225	233	235	236	246	255	0
2	3	6	18	25	29	33	34	40	43	48	51	53	54	58	61	62	66	67	72	73	81	84	95	99	103	106	107	110	115	116	119	120	132	140	148	151	156	158	160	163	173	174	176	177	181	182	187	188	190	195	197	207	213	216	217	221	224	228	230	237	238	244	245	249	0
2	5	6	10	14	27	30	37	41	47	52	53	60	61	62	65	67	68	76	79	83	85	87	90	94	99	111	113	114	119	130	135	137	143	147	153	158	159	165	166	172	173	185	187	188	192	193	196	202	204	207	212	225	230	233	235	240	244	245	251	253	254	0
1	6	7	17	18	28	33	38	41	42	45	47	52	65	66	67	68	69	73	75	81	82	84	85	97	99	103	110	114	115	124	127	132	133	137	140	148	162	166	168	171	184	189	191	194	195	196	204	205	214	216	218	219	226	228	233	245	255	0
6	13	16	17	18	23	27	31	34	39	40	45	47	49	51	55	57	61	64	69	74	79	83	88	90	93	95	96	103	113	119	122	134	142	143	160	164	165	169	174	178	180	181	183	184	186	187	190	191	193	194	200	203	204	208	215	219	220	223	227	228	229	233	237	240	0
3	20	21	24	35	40	44	45	48	52	55	57	58	59	60	62	63	64	66	74	79	80	82	90	93	94	99	105	109	110	111	118	123	126	127	130	146	148	153	159	169	174	182	186	190	192	193	201	202	203	206	207	211	214	221	225	231	235	236	239	248	249	255	256	0
1	4	11	12	27	32	35	38	44	48	51	59	62	63	64	66	69	71	77	79	80	83	84	87	97	102	115	117	120	132	133	142	145	147	157	160	170	173	174	175	177	180	183	186	187	189	193	196	201	208	211	217	220	225	231	245	246	254	0
6	14	17	22	28	29	42	43	47	54	55	56	57	64	66	68	69	74	78	79	88	95	98	112	120	124	125	129	131	133	134	137	140	141	144	149	156	159	160	161	163	164	172	173	175	178	180	185	190	192	193	198	208	215	219	220	223	224	225	229	239	241	242	243	246	247	248	253	254	0
14	15	16	17	22	25	27	35	36	40	41	42	48	50	52	68	70	72	74	76	78	85	94	96	97	99	111	112	117	119	124	127	130	140	152	153	157	160	163	164	165	166	178	186	187	195	209	213	219	220	222	224	227	228	231	233	234	243	253	0
14	28	32	34	36	49	52	54	56	58	67	72	73	77	82	83	84	93	94	96	97	98	101	103	110	114	115	118	130	132	137	139	144	146	152	156	160	164	165	169	177	179	182	190	191	196	197	201	208	212	219	222	236	239	241	244	248	253	254	0
2	16	21	25	26	29	34	35	36	39	40	41	44	52	57	61	66	68	79	85	89	90	92	95	96	102	104	106	108	118	123	125	128	132	134	137	138	139	143	153	157	166	170	174	175	185	188	192	193	196	199	202	206	209	213	217	218	226	228	229	231	232	233	241	243	250	254	0
8	9	10	14	19	22	23	26	30	35	36	37	38	42	43	45	57	60	61	65	66	69	73	75	77	82	91	92	98	100	104	113	116	127	128	129	132	133	140	141	142	143	151	160	163	167	169	175	178	182	191	193	194	196	198	199	204	207	208	209	218	219	221	222	223	225	235	236	246	248	250	251	0
1	7	9	10	17	18	23	26	29	30	31	41	46	60	62	64	68	70	74	75	78	82	86	88	94	98	99	102	103	104	108	110	116	139	145	150	153	156	160	168	174	175	176	177	179	180	185	187	190	191	198	207	213	215	226	228	230	232	234	237	242	245	249	251	252	0
10	19	28	34	36	37	45	51	52	55	69	71	73	83	87	89	90	95	96	99	100	105	110	113	115	116	127	128	130	133	137	146	152	160	167	170	174	176	180	182	189	192	194	195	198	208	209	213	214	215	217	219	224	232	236	240	242	247	255	0
1	3	5	8	11	15	18	26	27	30	36	37	38	41	43	50	61	62	70	71	76	79	85	92	94	98	99	101	102	109	111	116	117	121	122	123	126	127	128	129	134	137	138	140	152	155	156	162	163	172	176	178	185	194	196	197	202	205	206	211	213	216	225	227	233	234	235	249	250	252	253	0
1	2	3	4	7	10	11	12	13	16	17	19	20	23	26	28	30	31	33	36	39	40	42	45	46	47	50	58	61	63	72	77	78	80	81	82	86	90	97	100	103	105	108	109	110	112	113	115	117	123	134	137	138	140	163	164	172	173	176	181	183	186	188	191	193	195	196	200	202	204	205	206	207	209	217	218	222	231	233	234	238	242	251	0
3	5	7	19	20	22	23	29	34	36	38	39	58	59	68	75	77	78	83	86	89	93	96	98	102	106	110	112	116	132	136	137	138	141	142	143	144	149	158	159	160	161	162	174	176	178	180	186	188	191	194	202	203	204	205	206	207	211	213	217	220	224	229	233	234	238	246	250	253	0
1	2	5	9	10	11	12	19	20	23	28	30	32	35	36	38	44	46	60	63	64	76	81	86	87	95	98	103	104	105	106	107	112	115	120	123	125	128	134	136	139	140	141	145	152	155	157	161	163	171	172	176	177	184	186	187	194	195	196	197	198	199	202	204	209	210	222	231	237	238	241	244	248	253	254	256	0
2	3	5	7	20	23	35	36	41	42	44	50	56	58	59	60	61	66	68	73	80	89	102	103	104	105	106	109	113	114	121	124	125	129	132	137	145	148	158	160	162	164	165	174	175	179	183	184	188	191	193	194	200	208	209	213	214	218	225	229	230	233	235	236	237	238	246	251	252	254	0
1	3	4	7	9	19	23	26	28	29	33	35	36	44	46	55	59	61	62	63	69	71	72	79	85	87	89	92	94	95	100	101	110	115	116	121	123	129	135	140	147	149	157	160	162	165	172	174	178	179	187	188	190	191	192	197	199	208	212	213	214	218	221	231	232	237	240	241	243	250	251	254	0
1	4	5	8	10	12	18	20	25	27	28	30	34	41	42	44	47	48	59	63	67	70	74	77	79	81	85	89	91	92	104	109	115	117	118	131	135	136	137	143	144	150	153	164	171	176	178	180	187	190	192	193	194	196	201	208	210	216	221	231	235	236	244	250	0
4	9	10	12	23	27	29	30	31	32	38	42	46	52	53	55	60	74	80	82	83	84	91	92	93	94	95	102	104	109	115	116	118	119	120	121	127	132	137	142	144	149	150	153	157	158	161	166	168	170	171	173	178	182	184	186	187	189	192	198	200	217	219	225	227	228	232	233	236	237	238	241	248	250	255	0
3	4	19	20	21	26	32	34	36	42	43	53	55	56	57	64	65	77	79	80	84	85	88	89	90	99	101	103	104	110	115	124	129	130	132	134	160	162	167	168	180	187	188	190	191	199	201	203	207	209	220	223	224	226	231	232	235	238	241	244	245	248	251	0
2	3	4	6	10	12	14	17	20	21	26	27	31	35	39	42	48	49	54	55	58	61	62	73	75	76	78	80	91	94	101	105	108	109	114	118	125	126	128	131	133	138	139	141	142	145	147	149	159	160	161	170	172	179	187	189	190	195	201	202	207	217	221	222	231	248	249	251	0
2	3	6	7	11	14	15	16	19	23	28	29	31	33	34	37	38	39	41	47	48	51	52	55	56	60	76	83	84	88	100	103	107	114	115	123	131	138	139	142	143	148	154	164	169	171	175	184	186	192	195	198	199	201	217	220	229	239	240	244	256	0
1	2	12	21	23	24	26	27	29	30	33	36	38	39	42	43	49	51	56	60	64	65	72	75	76	84	87	89	91	97	106	107	112	116	117	132	134	141	142	148	156	157	158	161	165	166	168	171	174	175	177	183	188	190	193	194	197	201	202	206	217	219	233	239	246	247	249	250	256	0
2	3	4	6	13	18	23	25	26	27	28	34	36	42	43	52	54	56	57	75	76	81	87	91	93	94	106	111	115	122	129	130	131	132	144	146	151	152	154	156	158	160	162	167	168	172	175	178	180	184	186	193	200	206	209	211	212	216	217	229	234	237	241	254	0
4	7	16	30	31	32	41	42	43	44	49	54	59	62	68	70	73	74	83	85	94	98	101	102	106	110	112	118	120	122	126	130	131	133	140	141	144	145	146	148	152	154	160	165	166	172	175	178	181	182	185	188	189	194	196	198	204	208	210	213	225	230	231	234	236	243	245	246	248	251	253	0
3	7	12	19	20	24	26	39	40	48	59	62	66	69	71	80	92	95	97	101	103	105	106	112	114	115	118	129	132	136	142	163	165	166	168	169	178	187	190	194	195	196	197	200	205	215	216	221	232	234	236	244	250	255	0
6	8	10	15	16	17	20	21	23	32	38	40	42	43	44	47	48	55	65	68	75	84	87	92	99	100	101	107	110	111	113	114	116	121	127	128	137	142	143	145	148	151	152	160	162	168	177	181	182	188	192	194	198	207	208	212	213	216	218	221	227	238	252	0
3	11	19	23	25	29	30	38	39	40	46	57	71	73	74	75	77	83	86	90	92	101	108	110	114	120	121	122	135	140	144	148	149	151	155	169	172	185	186	190	193	194	199	201	204	206	207	208	211	217	223	227	230	232	235	237	240	242	243	244	248	250	253	254	256	0
1	2	4	5	18	19	24	25	31	32	33	39	40	44	45	47	49	53	55	64	66	75	76	87	90	91	95	103	105	106	107	109	110	119	120	125	128	131	133	136	137	139	151	154	159	164	165	185	189	194	197	200	206	207	215	216	218	220	230	233	234	238	242	251	255	0
3	5	6	11	17	19	33	37	40	41	43	44	48	50	56	65	75	76	77	78	88	91	94	95	96	101	108	115	121	122	127	130	132	145	151	152	153	159	160	161	163	168	172	177	181	182	184	188	189	198	202	209	214	222	223	227	230	232	237	240	241	242	243	245	254	0
2	4	7	8	10	14	18	22	23	26	28	30	31	32	35	37	45	49	51	57	64	72	78	83	84	88	91	94	98	106	111	115	120	124	125	131	132	143	148	154	155	164	167	175	184	191	193	194	198	199	201	202	217	223	225	228	229	232	236	238	241	242	249	251	252	254	0
2	11	13	18	20	23	25	26	36	43	50	51	56	65	67	72	73	76	83	86	89	95	101	103	104	106	110	115	118	124	135	138	144	148	153	154	156	173	200	201	205	207	208	209	219	222	231	237	244	247	0
9	10	21	22	26	27	30	31	32	33	36	38	45	46	52	56	62	70	71	74	76	80	84	87	95	99	100	103	110	114	121	126	127	137	142	145	146	164	166	168	172	173	174	176	178	182	183	191	195	198	200	206	207	208	217	223	227	229	231	233	235	239	242	245	247	0
3	4	5	8	9	16	21	32	38	40	46	48	50	55	60	64	67	71	80	82	86	89	92	96	99	100	107	112	113	117	127	130	134	136	140	142	145	148	150	163	169	170	172	180	182	183	186	188	203	205	207	209	211	212	213	214	216	219	226	229	233	238	241	243	244	249	251	254	255	0
1	4	11	15	30	37	41	42	44	45	49	57	58	64	67	72	86	92	95	101	102	113	115	118	119	125	132	136	145	149	151	156	159	164	166	170	174	175	177	178	180	181	182	190	198	207	214	216	230	231	240	244	246	249	0
3	7	8	9	10	18	24	28	33	40	48	49	53	60	62	63	66	67	68	69	76	79	83	101	102	106	108	109	111	112	122	134	135	143	144	146	150	155	161	163	168	171	172	174	175	176	183	185	186	188	194	204	205	211	216	218	225	228	234	237	244	246	247	251	253	256	0
1	9	28	30	39	45	51	54	60	61	62	63	68	69	71	72	75	82	89	98	100	101	105	127	129	137	140	144	149	152	153	156	158	160	161	171	175	178	179	183	190	192	203	207	209	212	215	217	224	234	235	255	0
3	8	9	13	15	17	20	23	24	25	35	43	46	48	52	53	57	59	67	69	81	82	84	85	86	87	90	91	97	101	102	107	108	121	127	137	139	142	147	152	155	156	158	160	161	172	176	183	185	188	192	196	197	202	203	204	207	208	216	220	229	230	231	237	242	246	249	254	255	0
3	15	18	22	30	31	35	37	44	45	49	52	53	60	69	70	81	85	86	91	98	101	104	105	106	113	117	118	130	134	135	136	138	140	143	144	152	155	160	163	167	169	176	177	185	190	195	196	204	207	209	212	217	219	222	226	228	232	238	239	251	252	254	256	0
2	3	11	14	17	19	28	30	32	33	34	36	39	41	42	43	44	47	51	56	57	59	75	80	81	82	86	87	89	90	96	97	98	107	110	115	116	117	122	127	131	134	138	147	153	156	158	160	165	167	173	175	176	177	184	185	188	193	197	200	204	206	214	215	220	221	226	228	233	234	238	240	244	245	246	247	248	252	256	0
10	12	14	15	17	19	21	22	25	27	37	42	43	52	55	58	59	60	65	72	73	79	81	85	88	93	123	129	133	134	141	143	145	147	148	154	156	168	171	175	178	179	181	184	189	190	194	197	198	200	202	204	214	223	227	230	231	235	242	252	0
5	8	9	31	32	33	35	36	37	38	40	52	54	57	63	77	78	79	80	83	91	94	109	110	114	117	122	123	126	131	132	136	138	139	148	152	156	158	164	170	180	181	186	189	190	191	193	194	211	213	215	217	219	221	225	232	234	235	242	243	244	247	248	252	0
1	2	7	8	13	18	25	27	28	29	34	40	42	46	48	49	52	58	73	76	77	79	90	98	110	114	116	117	122	123	125	133	136	137	138	144	151	152	159	160	161	162	164	166	167	172	176	181	183	186	187	192	194	198	207	209	211	221	223	227	229	232	240	241	242	243	0
4	7	15	23	25	27	28	32	33	37	39	41	43	46	50	53	58	61	64	67	70	71	75	81	87	107	109	110	111	115	129	144	145	150	151	157	164	166	175	178	183	186	190	191	193	210	212	213	214	215	217	219	221	226	230	239	243	246	249	255	256	0
1	5	12	14	17	18	19	23	24	28	31	34	38	40	43	46	58	59	61	62	66	70	72	77	85	89	93	95	96	124	136	145	146	147	150	155	156	159	176	179	180	182	184	185	197	200	211	213	219	225	227	230	233	234	241	242	247	249	256	0
3	5	10	11	21	23	36	39	40	45	47	51	56	57	59	64	77	78	80	84	86	87	89	94	102	104	112	115	120	121	123	131	133	137	144	150	152	154	155	157	161	163	164	175	176	177	181	183	184	192	195	197	203	213	220	224	227	228	232	240	243	246	248	252	0
7	9	10	12	13	14	17	21	24	26	27	30	33	37	49	52	53	54	67	71	73	74	77	78	79	85	88	90	97	98	106	107	113	120	122	129	141	146	154	156	159	169	181	183	185	187	194	198	199	202	203	206	213	225	233	234	236	238	241	243	245	247	256	0
1	8	12	15	20	23	27	29	30	33	34	36	39	43	50	54	56	62	63	66	68	72	77	79	83	85	88	96	100	104	105	106	108	110	111	114	116	120	124	127	134	139	142	144	147	153	155	159	160	163	167	168	171	173	181	182	186	188	193	194	195	197	202	208	212	223	224	229	233	235	239	249	255	0
9	13	17	19	20	22	24	26	30	41	44	49	59	61	69	70	80	86	87	90	94	99	101	111	112	114	115	117	118	132	134	141	143	144	156	158	159	165	168	173	182	184	185	186	188	189	190	199	203	205	207	209	213	230	234	236	248	252	253	0
6	8	9	11	13	16	17	21	23	25	36	37	47	50	53	55	56	57	59	62	71	73	76	79	84	85	92	93	101	104	106	107	110	120	123	124	126	127	132	137	139	140	143	144	149	162	163	166	172	181	183	185	187	189	190	191	195	198	200	201	203	217	218	223	225	228	233	236	237	241	249	250	251	252	253	0
1	8	15	19	20	21	22	25	32	34	36	39	41	42	47	50	52	59	67	68	77	79	82	86	88	92	97	98	101	105	107	108	115	116	121	123	124	129	138	142	151	152	153	155	156	160	163	165	166	167	168	170	173	174	179	187	190	194	198	201	203	204	208	210	211	214	215	221	229	238	248	250	251	253	254	0
2	5	8	11	15	16	17	22	28	29	31	33	34	48	57	58	60	62	63	68	69	70	77	78	81	95	105	108	109	114	116	124	129	135	136	138	146	148	151	153	154	156	157	160	168	172	177	188	195	196	198	200	203	209	212	220	230	233	235	241	246	249	251	0
6	7	10	15	16	20	23	31	36	47	48	51	56	57	58	65	66	67	73	74	89	90	94	101	113	114	115	117	118	120	124	128	133	137	144	148	153	155	166	170	173	179	183	185	190	196	201	204	213	214	216	220	221	222	226	227	232	240	242	244	246	247	0
3	5	11	12	13	14	17	19	21	27	33	34	36	37	41	42	46	53	58	63	80	84	89	94	103	107	109	115	118	126	128	129	132	141	143	144	149	158	159	166	171	179	186	187	190	198	199	201	204	205	209	211	213	217	219	223	228	229	241	250	251	253	0
14	19	20	25	29	30	36	39	42	45	46	49	51	56	58	60	63	64	69	70	81	85	88	92	93	95	100	108	113	114	116	121	124	131	137	139	143	147	152	155	156	164	165	166	168	169	173	175	179	188	195	196	198	202	203	205	210	212	215	216	217	222	223	228	232	233	234	239	241	245	246	247	248	252	0
5	13	14	20	23	27	29	30	33	34	37	38	41	44	47	50	54	56	58	65	68	69	71	72	74	84	91	94	97	103	111	122	123	126	132	133	141	150	152	161	162	164	168	173	179	182	186	187	197	200	201	208	214	216	217	218	220	228	231	234	235	236	237	238	240	244	246	248	255	256	0
4	6	9	17	18	24	30	35	41	45	46	47	50	53	69	73	79	84	87	98	99	100	102	103	106	107	112	114	115	116	125	128	131	133	136	140	146	149	161	166	167	187	188	191	194	198	203	209	217	221	229	233	236	238	241	245	247	251	254	255	0
2	6	13	18	19	28	30	31	36	40	43	45	46	52	62	65	77	79	86	90	95	102	111	113	115	121	122	124	126	129	138	146	147	152	157	159	160	161	163	166	167	168	171	177	179	184	188	190	198	199	207	216	220	221	222	223	225	226	227	235	248	252	256	0
3	4	7	11	23	25	28	31	44	46	48	49	51	53	54	64	70	76	78	79	82	86	90	96	100	102	107	110	111	113	114	118	119	120	130	136	139	157	165	166	173	182	186	194	217	218	220	225	230	233	234	237	239	240	241	242	245	247	248	250	252	0
4	8	9	11	14	17	19	20	22	32	37	38	39	40	42	45	49	50	51	59	66	72	73	88	96	101	116	121	124	132	133	137	141	142	143	144	145	146	156	159	165	168	170	178	181	186	187	188	191	195	196	202	203	204	209	211	212	214	217	220	232	234	236	243	244	247	252	253	255	0
7	8	13	15	19	27	28	48	50	52	56	61	66	72	73	76	87	94	96	98	103	108	109	111	113	115	118	122	123	127	128	133	134	141	147	148	149	156	159	166	169	175	182	185	188	203	211	212	219	220	221	222	231	233	234	236	245	248	250	252	255	0
3	8	17	21	23	28	29	46	51	56	59	60	64	65	66	67	69	71	74	75	76	77	78	88	89	90	92	99	103	106	107	114	118	120	127	129	137	141	146	151	158	161	164	166	170	173	174	176	182	183	184	185	186	190	193	194	198	201	204	213	214	218	220	228	229	247	250	251	253	0
9	12	17	18	25	43	47	49	51	53	55	58	64	74	75	77	85	96	97	98	103	104	106	111	116	119	123	126	131	135	140	151	154	162	163	164	165	167	173	174	176	197	200	204	205	209	212	220	221	235	237	247	249	253	255	256	0
6	16	17	21	23	24	31	36	37	38	40	41	46	49	52	54	55	59	61	65	68	71	72	93	95	96	100	101	102	104	106	108	109	110	115	116	118	121	124	125	128	130	134	144	146	150	156	163	164	166	167	168	170	173	180	181	182	186	188	189	193	208	211	215	220	234	236	237	238	0
1	7	10	18	22	27	31	32	47	48	49	54	55	57	58	59	71	78	85	87	89	102	103	107	109	112	114	120	121	123	134	140	145	146	163	165	170	175	179	189	190	191	198	199	200	206	207	218	220	230	233	245	246	247	0
10	12	18	29	31	37	42	50	52	54	55	60	65	68	76	78	87	90	91	110	112	115	117	120	124	125	128	129	130	136	139	142	145	150	151	158	159	160	162	168	178	182	183	191	192	203	205	209	211	218	219	223	224	226	232	234	243	250	251	252	0
1	4	11	12	13	15	16	23	27	31	37	38	47	53	54	55	62	63	64	65	68	70	71	75	78	86	87	89	96	101	102	103	109	113	116	124	126	128	138	139	142	147	152	156	162	165	171	173	176	181	188	193	196	204	205	210	212	220	226	229	231	233	235	242	244	254	0
1	2	7	12	13	28	30	34	35	38	54	61	62	66	68	73	77	79	83	86	89	90	93	96	98	101	104	110	111	113	115	120	130	140	145	146	159	160	166	176	177	179	181	183	184	190	192	194	195	197	198	199	202	204	206	214	215	219	228	232	0
1	11	12	16	23	33	37	47	49	52	60	67	69	75	77	87	90	91	94	100	103	111	112	116	126	129	131	133	138	139	141	142	155	156	157	162	163	167	171	172	175	177	181	188	193	198	201	204	210	213	214	222	233	235	241	0
2	12	13	26	28	32	42	51	52	55	57	58	60	68	75	81	83	91	93	100	103	104	106	113	114	117	122	123	134	138	139	144	146	147	148	154	157	160	167	170	175	180	186	187	190	192	195	206	207	215	221	222	223	234	237	243	244	249	0
2	5	8	13	14	15	17	19	20	21	22	28	29	33	34	35	38	40	42	46	49	50	52	53	56	59	64	66	67	68	71	72	79	81	82	83	87	89	98	103	105	107	114	115	116	117	124	125	127	130	131	136	138	143	148	154	157	158	159	170	171	172	182	186	188	191	192	194	197	200	204	208	210	212	223	226	227	228	231	242	243	0
3	9	12	17	20	25	28	30	37	39	42	45	51	63	66	70	75	83	87	88	95	97	98	100	102	107	108	122	125	127	128	133	142	144	154	158	162	169	173	175	180	182	187	193	195	202	210	212	214	215	217	219	227	228	236	241	245	253	256	0
5	6	8	10	11	14	15	18	22	26	27	32	33	44	45	52	53	54	62	64	65	73	75	85	88	96	104	105	108	116	121	125	126	129	131	136	140	142	146	147	148	149	153	158	163	169	174	179	181	182	183	184	187	196	198	209	210	217	219	250	255	256	0
5	12	13	20	21	22	31	33	34	39	41	48	50	52	55	66	73	74	78	86	92	94	97	98	100	106	107	109	118	125	130	136	137	149	150	151	153	159	161	162	168	169	171	173	179	184	193	200	201	205	218	219	222	224	229	238	240	249	251	253	0
3	7	8	20	24	31	39	40	46	55	60	61	65	66	67	72	81	82	87	88	91	92	94	96	98	101	104	109	110	127	128	145	147	148	150	158	160	165	166	174	189	191	192	195	197	201	204	207	212	214	215	225	235	0
4	5	6	14	19	21	25	35	37	38	40	43	46	50	52	54	56	57	58	59	61	63	65	69	70	71	74	79	83	85	88	90	92	93	96	97	100	103	105	107	110	119	125	131	139	141	149	150	167	169	170	171	178	182	184	189	196	198	201	206	208	209	212	213	225	229	235	238	240	241	244	246	251	252	255	0
1	13	19	21	24	32	34	38	48	49	50	51	53	56	58	62	66	79	82	87	90	91	94	96	99	102	103	106	108	110	112	121	131	132	147	148	150	157	164	169	175	177	180	186	189	194	201	203	209	212	221	227	230	234	236	243	244	247	248	250	254	255	0
5	11	14	26	31	35	43	45	51	52	57	62	73	78	79	81	82	88	92	105	109	110	118	127	132	139	142	150	160	168	170	172	175	176	178	181	184	185	186	190	193	196	202	208	214	220	223	229	232	233	237	248	251	252	253	254	0
6	8	9	13	15	17	19	20	36	42	46	47	57	58	60	64	65	71	74	78	88	92	93	98	100	101	103	113	117	119	121	122	127	141	148	149	151	154	159	161	163	165	168	169	172	175	178	179	181	186	195	198	204	213	215	219	220	224	233	236	243	245	253	0
2	4	6	10	15	17	19	20	31	33	34	35	37	38	39	41	45	58	68	74	98	102	115	118	121	125	126	127	136	144	160	165	168	169	174	178	179	184	187	188	191	195	198	199	200	201	211	213	218	238	240	243	244	247	248	0
2	4	8	9	13	19	26	27	28	33	36	38	43	44	54	58	64	67	68	70	85	86	87	89	92	98	101	104	105	107	121	122	138	139	140	146	153	155	160	168	173	174	180	187	191	193	195	203	205	211	215	218	219	221	224	225	237	238	240	246	248	252	0
4	5	8	12	13	14	15	17	22	24	31	34	51	55	56	58	66	67	69	72	77	85	90	94	97	99	103	104	112	116	118	119	120	122	124	126	130	131	133	134	138	139	142	145	148	166	167	171	178	182	185	187	193	195	196	199	201	205	207	213	215	219	224	226	228	233	247	251	253	255	0
2	4	8	11	12	15	17	20	21	26	30	41	51	63	64	67	69	75	79	81	82	86	95	97	100	109	111	118	120	121	124	125	126	128	130	137	138	141	142	151	152	156	157	167	170	178	181	189	197	203	204	218	219	222	223	232	233	234	240	241	250	253	254	255	256	0
9	15	16	23	25	27	30	42	47	51	52	54	56	61	80	81	82	85	89	90	95	100	102	104	109	128	129	131	132	142	143	149	151	155	159	160	161	165	166	171	173	194	195	196	199	200	207	208	213	216	224	230	234	236	237	244	252	255	0
6	7	8	9	10	12	14	15	17	22	24	25	28	29	40	44	45	55	59	70	71	84	87	89	90	91	92	94	97	99	103	105	106	110	121	122	133	142	146	147	148	153	154	160	165	171	175	178	182	188	190	203	206	207	211	213	221	227	228	230	236	237	239	242	245	248	253	254	0
4	5	6	12	16	20	24	30	34	37	44	47	54	55	60	68	70	74	82	96	103	105	110	111	112	113	115	119	122	132	137	138	139	149	153	155	163	166	168	170	174	179	184	189	193	196	199	200	207	209	211	213	216	219	224	225	233	234	236	238	248	250	252	253	0
2	5	10	12	14	16	19	20	21	22	23	25	32	34	36	42	51	60	64	72	81	89	93	95	97	102	106	108	112	119	121	122	127	128	129	131	132	138	143	156	160	165	166	169	170	172	173	180	182	196	199	202	203	207	216	221	224	227	230	231	237	242	246	250	251	0
1	2	19	20	22	24	29	40	42	45	48	50	51	58	66	69	72	73	76	77	79	87	89	100	101	110	111	114	117	118	119	126	131	135	138	146	147	150	151	153	159	164	170	173	179	182	185	187	188	194	195	198	216	218	220	225	229	235	237	239	244	245	247	249	253	0
3	4	6	11	22	27	47	48	50	51	54	60	66	68	92	93	96	100	103	105	106	111	114	122	123	126	129	134	136	143	149	150	155	160	162	166	167	170	175	176	177	179	184	186	187	193	197	199	208	209	213	221	224	225	226	230	241	253	256	0
3	21	23	26	29	31	36	37	44	48	51	55	56	59	63	65	76	80	83	86	90	91	93	97	101	105	108	112	123	126	128	131	134	135	138	141	146	147	148	149	153	162	175	176	183	185	186	188	205	207	210	211	215	216	219	223	227	228	230	231	232	0
1	3	5	15	17	28	35	36	39	42	45	46	50	59	63	64	69	73	78	98	103	105	107	110	113	121	122	132	134	136	140	143	152	155	160	165	168	169	183	184	186	187	188	208	212	217	218	220	221	225	230	231	239	245	251	255	0
4	7	9	12	25	26	31	37	44	57	60	61	63	64	68	70	79	81	85	94	96	102	108	110	112	115	116	121	123	126	127	129	134	137	141	143	147	152	156	165	170	172	173	176	178	180	183	184	186	188	193	195	207	208	212	213	217	219	221	224	225	228	233	235	238	245	246	254	0
1	2	3	11	13	17	25	35	38	40	43	46	47	48	53	55	58	59	62	63	65	69	70	74	81	88	89	93	95	99	116	117	123	125	126	130	137	149	154	156	157	163	173	179	181	190	194	196	202	203	204	210	211	213	214	217	218	221	226	227	230	235	236	239	240	247	248	252	253	255	0
4	13	14	15	18	25	26	29	32	40	43	44	48	50	60	64	68	80	82	85	92	95	96	99	100	108	111	121	124	136	139	141	144	145	156	177	184	186	189	190	192	196	198	200	203	211	212	216	218	226	229	234	239	247	249	0
1	2	6	12	13	17	25	26	32	41	44	47	51	52	54	59	62	73	75	78	79	80	87	88	100	103	104	109	121	128	129	130	131	136	138	144	145	147	148	149	151	160	162	167	169	183	184	195	199	201	202	204	208	209	212	214	219	220	224	225	235	241	247	249	253	255	0
1	5	7	12	20	21	22	25	27	30	39	56	57	67	71	75	78	91	102	127	129	137	139	140	153	154	157	160	167	174	175	180	181	185	188	189	194	197	198	199	202	204	211	212	221	222	226	230	232	235	240	241	243	244	249	250	251	254	255	0
1	3	7	12	13	14	18	23	24	29	53	54	57	65	68	73	74	78	81	82	84	91	96	98	105	110	112	113	119	128	130	133	134	138	139	141	144	155	158	179	189	193	200	205	208	209	212	215	216	224	235	239	240	252	0
10	12	15	21	23	27	28	32	33	35	39	40	44	46	47	50	51	52	53	55	57	58	66	68	72	76	77	82	85	89	92	94	99	101	113	122	125	131	132	135	142	149	150	151	152	153	157	158	167	168	173	174	179	180	182	187	193	198	204	205	212	215	217	222	224	226	227	231	232	235	238	239	245	246	248	254	255	0
4	9	11	12	18	21	26	34	37	47	51	52	53	60	61	71	78	79	81	82	90	91	97	106	108	109	110	120	121	122	125	126	127	129	134	136	140	143	146	155	161	165	167	168	169	177	180	185	189	190	194	198	201	207	209	212	218	220	223	225	228	232	236	240	248	256	0
7	10	14	17	22	25	30	33	35	37	46	47	49	54	60	61	68	77	81	87	89	94	98	105	106	108	109	115	117	120	121	125	133	135	136	143	146	147	149	159	160	181	182	191	193	196	204	207	208	209	217	223	235	237	245	254	0
21	25	26	34	35	38	40	44	45	48	51	52	54	56	64	67	73	76	78	89	96	102	104	107	112	120	130	135	138	142	148	152	158	162	163	165	168	173	175	176	185	186	187	194	197	198	200	209	210	212	213	215	220	221	223	225	231	233	249	250	254	0
6	9	15	18	20	24	27	28	29	44	48	53	54	60	62	64	80	86	88	93	95	99	100	101	108	115	118	122	129	131	133	136	143	155	157	161	164	165	169	171	174	185	186	196	204	205	206	208	209	211	212	213	217	221	223	225	232	234	235	239	241	244	254	255	0
4	10	12	13	14	16	34	41	43	48	53	58	60	61	62	65	66	72	73	77	87	90	99	105	106	108	111	112	117	121	122	123	124	137	140	145	147	149	150	153	154	158	167	170	171	174	177	183	184	188	190	193	199	201	204	210	221	222	224	225	228	236	249	255	0
2	5	6	7	9	18	22	26	28	34	36	39	41	47	48	53	57	61	66	70	75	78	80	88	89	93	94	99	110	123	126	128	130	131	138	139	141	150	152	154	156	160	161	162	164	166	171	172	175	176	177	183	188	189	196	199	200	203	206	208	212	213	216	221	222	226	235	239	240	241	243	249	250	252	255	0
6	14	16	20	26	28	29	30	36	37	44	46	53	57	58	63	64	67	71	75	76	78	82	83	85	87	88	89	92	93	99	103	109	111	119	133	134	136	146	152	153	157	160	166	167	169	171	172	173	176	180	193	196	202	203	204	209	212	218	235	242	247	256	0
1	4	11	18	23	24	27	29	32	43	49	54	55	60	64	66	69	72	73	74	80	83	84	99	104	105	107	114	121	133	134	142	153	163	167	170	180	183	187	191	195	196	197	213	219	224	229	230	235	239	242	248	249	256	0
1	5	10	21	29	31	33	35	42	46	50	63	64	72	75	84	86	91	96	97	99	101	103	104	107	109	112	120	124	127	129	138	139	144	148	150	151	152	153	154	166	171	172	179	186	189	190	192	204	207	208	209	211	216	224	230	235	240	242	245	246	249	253	255	0
2	4	7	8	16	18	26	28	31	35	39	43	56	60	77	79	80	84	87	94	97	100	106	109	112	114	116	124	127	129	131	134	139	142	155	157	163	167	173	174	175	177	182	202	204	212	214	215	216	217	226	231	237	240	243	244	245	251	254	0
2	4	6	10	12	19	23	38	40	42	55	61	62	64	66	67	70	71	73	80	81	91	92	100	109	110	112	114	116	118	121	124	129	134	140	146	152	153	158	160	162	174	176	177	182	184	188	189	190	205	207	210	212	215	217	218	219	224	225	226	227	237	239	241	247	248	0
9	10	14	20	22	23	29	34	36	44	53	56	58	60	67	74	76	89	93	96	100	112	113	115	118	123	125	128	129	132	134	137	139	142	150	152	159	172	174	175	178	181	184	185	187	189	193	195	199	202	215	217	223	225	237	243	255	0
5	7	10	11	16	25	29	30	33	49	57	58	73	75	83	84	85	95	103	105	113	114	115	116	117	127	128	137	142	143	146	149	157	158	164	171	172	174	175	184	194	198	201	204	208	213	219	231	236	245	248	249	250	255	0
2	4	13	14	17	18	19	22	24	25	32	33	35	37	38	48	63	66	67	68	69	74	82	83	90	91	101	102	105	113	118	122	123	127	134	137	146	157	158	159	164	165	166	172	178	181	188	190	199	215	216	218	224	229	241	242	247	255	0
6	17	22	27	28	32	45	46	50	51	54	63	64	66	69	76	77	78	81	82	85	90	94	95	97	106	122	130	131	137	140	143	144	146	148	149	156	158	171	173	187	193	194	195	200	207	210	215	224	227	230	231	235	241	247	248	250	251	0
2	20	21	23	24	28	31	33	36	39	42	45	47	49	57	58	69	71	76	79	87	90	91	92	112	113	120	124	125	127	129	135	137	142	144	145	146	148	161	166	168	176	194	195	196	199	203	206	215	221	224	227	235	236	237	240	242	243	0
1	14	17	24	27	29	34	61	63	64	68	70	71	80	85	86	91	102	109	110	111	118	124	132	135	142	143	146	155	157	159	160	161	163	168	170	179	185	193	196	206	212	213	215	218	219	221	225	229	231	236	237	243	247	250	253	0
3	12	14	21	24	51	54	67	70	75	77	78	84	85	87	90	92	94	108	120	123	125	128	130	136	138	141	147	154	161	162	167	170	171	186	192	195	198	199	200	201	202	211	212	215	217	218	220	236	239	241	242	244	245	253	0
6	7	9	18	19	22	23	32	35	38	44	46	49	51	62	63	71	74	76	77	79	80	81	84	86	88	90	91	94	99	100	103	106	108	122	126	131	132	133	143	152	159	163	166	169	170	179	184	186	196	199	201	202	204	208	211	213	219	223	236	0
4	8	12	13	17	18	21	32	37	43	45	47	54	56	58	62	83	85	91	97	98	108	109	110	116	122	132	135	137	141	144	147	150	151	154	161	173	179	181	182	193	197	205	210	213	215	217	218	223	224	225	226	231	236	243	247	248	252	253	254	256	0
1	3	6	7	21	24	25	32	35	38	39	53	55	58	62	63	76	77	79	81	88	93	101	105	110	111	112	114	136	137	140	142	148	150	151	152	160	161	165	167	171	172	173	177	180	183	197	199	200	207	208	209	214	215	221	223	224	226	237	256	0
2	3	5	12	13	16	17	19	25	39	42	44	53	60	68	69	74	82	84	86	87	88	93	97	99	100	105	107	110	113	118	123	127	139	149	151	154	156	160	164	174	186	187	192	194	204	208	224	225	228	230	234	241	242	243	244	249	250	253	255	0
2	5	8	10	13	20	21	24	29	38	41	43	44	45	46	48	49	50	53	55	56	59	60	63	64	66	69	76	77	78	79	82	87	90	91	97	105	107	109	114	117	119	120	123	124	126	128	130	134	135	139	143	144	148	154	158	159	168	169	178	185	193	197	199	203	206	211	213	218	224	231	232	236	244	245	248	249	0
1	11	18	19	26	30	31	34	35	37	44	53	54	58	60	62	69	75	76	77	82	85	95	96	97	101	113	118	123	138	141	143	153	154	155	157	158	185	187	189	193	198	206	207	211	214	219	222	223	225	227	229	236	239	240	246	249	0
1	3	4	9	10	14	23	32	40	51	53	55	56	59	63	66	82	89	95	102	105	106	108	111	113	128	129	134	140	143	148	155	163	165	167	170	172	179	188	194	195	199	202	209	213	220	223	224	227	229	237	243	244	247	253	0
4	14	19	21	23	27	34	37	38	44	45	48	51	52	54	65	69	73	75	78	85	87	89	90	97	102	103	104	108	112	118	125	132	140	145	147	154	156	162	164	186	192	195	197	198	199	200	207	209	211	214	217	219	228	229	240	245	255	0
2	18	26	30	32	41	44	45	46	52	55	57	61	68	70	72	74	81	82	83	85	94	95	101	102	103	116	127	141	143	150	151	159	163	169	171	172	174	177	179	184	187	191	193	198	202	205	213	217	219	222	223	226	227	234	239	241	242	243	249	253	256	0
1	3	6	14	19	22	23	24	27	29	30	39	41	45	46	55	56	62	64	65	68	79	88	90	94	98	99	102	104	106	114	118	119	123	124	126	130	131	138	140	141	151	158	162	170	172	173	184	185	188	192	198	202	206	208	210	215	224	231	232	234	236	237	238	247	253	254	0
1	7	9	12	21	23	32	39	40	45	47	58	62	64	65	72	74	82	83	89	90	92	93	94	96	97	98	100	101	103	107	114	121	123	125	126	128	143	144	146	151	153	156	167	169	173	175	180	183	185	192	193	194	195	199	206	207	208	209	213	215	217	227	231	234	251	253	0
1	9	11	14	21	24	26	35	48	50	59	63	70	78	79	82	87	90	96	97	102	103	108	109	115	121	122	128	134	135	137	138	142	144	145	147	155	158	162	166	170	177	179	180	183	187	188	190	191	192	193	194	198	199	202	209	211	212	214	215	216	222	224	225	226	227	228	231	232	234	237	240	241	242	250	0
1	3	6	13	20	28	29	33	35	37	40	49	58	59	62	63	65	66	69	72	75	80	87	88	90	91	94	95	97	99	103	105	113	117	118	119	120	125	130	137	138	140	153	154	160	169	170	181	183	192	195	198	199	200	203	208	212	214	224	230	233	241	243	245	247	255	0
11	12	18	19	25	30	32	33	41	42	46	48	61	65	67	73	78	86	94	100	111	112	113	115	116	118	119	126	130	134	138	141	144	156	160	164	166	168	170	171	183	184	187	188	189	191	192	194	195	199	201	209	211	212	215	218	219	222	227	229	233	239	241	242	243	247	253	254	256	0
1	2	11	26	29	43	47	50	58	60	73	74	81	90	92	99	101	103	104	109	110	115	117	122	125	126	127	128	131	142	145	154	155	156	162	165	167	168	169	173	175	176	182	185	188	189	191	193	195	198	200	202	206	214	216	218	224	229	246	247	250	251	254	0
7	8	10	14	15	16	18	21	22	23	33	37	40	54	57	58	61	62	75	76	80	87	93	97	106	108	110	113	115	121	123	124	141	142	143	144	146	150	152	155	158	164	169	173	178	181	188	192	195	201	215	219	223	225	227	230	233	235	238	239	240	241	242	244	247	255	256	0
3	5	7	9	11	12	26	27	31	36	37	39	44	51	52	54	56	60	63	64	67	69	72	73	75	77	82	89	91	108	110	117	118	126	131	143	144	146	149	150	151	158	162	164	165	173	177	179	180	182	185	186	197	199	201	203	211	214	215	219	223	224	226	227	228	229	232	233	235	243	246	253	0
5	10	15	16	21	22	28	34	38	39	43	44	52	58	71	72	79	87	88	90	92	94	95	98	101	102	103	106	111	113	120	123	126	127	131	132	137	140	144	147	152	157	158	165	166	170	171	172	174	177	187	204	216	218	230	233	241	244	250	254	0
2	3	4	14	26	29	30	31	34	36	38	41	42	43	47	49	50	53	55	56	62	72	74	75	90	101	102	112	114	119	120	125	135	137	141	142	147	148	149	150	159	164	173	178	184	186	189	190	191	196	198	199	201	203	205	207	214	230	231	234	236	238	240	244	248	249	0
1	8	25	26	32	36	37	43	44	47	48	49	55	61	62	63	64	70	74	75	76	79	80	83	85	94	100	104	108	109	111	116	117	118	124	128	129	135	140	143	147	149	150	166	170	179	181	182	184	185	188	189	191	192	194	198	200	208	209	223	226	236	243	251	0
5	8	16	19	24	31	32	38	49	50	51	52	53	54	57	72	75	77	78	79	82	84	85	101	102	106	107	117	128	129	131	140	143	144	148	153	170	183	185	194	196	197	213	215	223	227	228	233	235	236	239	249	254	0
24	29	31	33	35	36	37	38	43	46	49	54	62	66	69	74	78	79	85	91	97	107	108	116	128	133	138	142	143	147	148	158	164	167	172	173	181	183	184	185	187	189	195	202	203	206	207	210	212	214	215	216	223	224	226	231	234	249	251	0
1	7	12	19	33	41	44	45	48	51	53	56	57	58	63	64	65	72	74	76	80	83	99	105	115	117	118	119	121	122	124	131	149	151	160	171	174	180	181	183	190	204	212	217	220	222	229	231	232	237	239	243	244	248	254	0
5	8	10	12	14	16	17	18	19	20	23	25	26	27	37	46	49	55	56	60	76	80	84	90	92	93	94	95	97	104	107	112	113	118	119	125	127	128	132	136	137	146	154	156	157	162	164	167	172	175	190	192	208	210	213	214	215	216	217	228	230	242	244	247	249	253	256	0
3	10	11	12	16	18	24	26	28	30	31	32	37	41	43	44	49	50	53	57	59	63	73	74	81	84	103	109	111	116	120	126	131	135	137	138	144	145	158	166	167	172	178	185	199	203	211	217	229	231	232	240	246	247	251	256	0
4	6	7	9	12	23	24	29	30	38	41	52	64	66	69	74	80	81	82	85	86	87	89	99	103	106	107	108	112	117	118	122	132	135	139	149	151	157	168	171	175	177	178	186	187	192	196	199	203	206	211	213	214	225	226	227	231	233	236	238	249	252	256	0
5	8	11	12	16	18	20	22	23	29	32	38	42	46	48	50	58	64	66	69	72	73	74	84	87	88	95	98	100	101	103	105	110	111	112	115	121	124	126	127	137	139	147	148	157	170	172	175	184	186	192	195	196	198	204	205	208	209	210	215	217	226	229	230	232	234	246	251	253	0
2	3	4	10	14	21	24	26	27	28	31	36	41	43	52	55	62	72	73	75	76	77	82	83	85	86	89	92	101	105	107	112	129	130	131	134	142	143	145	158	166	167	168	169	176	177	178	184	187	192	194	199	208	214	215	216	221	228	229	231	234	236	237	241	245	248	251	253	256	0
1	4	7	12	20	23	24	28	40	41	54	55	58	61	63	69	70	79	80	84	85	88	97	101	107	112	113	115	117	119	125	128	130	131	133	134	142	148	149	150	156	164	165	169	174	175	177	182	183	188	189	192	195	201	203	204	208	211	213	216	222	232	234	244	0
1	4	9	11	15	17	21	22	23	26	29	39	44	47	49	51	64	67	68	75	77	78	79	84	86	88	89	92	100	101	117	121	127	129	135	138	140	141	149	154	160	161	165	166	170	172	175	176	177	180	187	200	202	204	206	210	213	218	223	228	229	231	232	234	236	237	255	0
2	5	10	13	18	19	22	31	33	35	37	41	42	43	45	52	53	54	58	61	63	67	73	75	81	82	83	87	88	93	95	98	99	101	103	109	110	116	117	118	128	129	130	131	133	140	141	146	155	156	159	163	172	174	181	182	192	195	200	202	204	211	213	215	216	221	224	228	237	245	246	247	249	251	253	254	0
6	7	12	13	15	18	26	27	32	38	39	41	43	45	49	54	56	57	58	59	60	65	82	86	89	90	93	95	96	99	109	111	112	119	120	121	127	128	130	137	140	145	149	152	159	161	164	167	169	173	177	181	183	185	189	197	200	202	204	215	218	220	225	239	240	243	245	248	0
4	5	13	15	16	20	22	35	38	39	47	52	53	55	56	59	62	64	66	69	73	75	77	79	87	88	91	94	96	97	99	100	103	106	108	110	119	124	127	129	130	131	135	142	143	148	151	162	165	167	169	170	171	175	184	190	195	205	206	211	212	215	221	222	232	240	241	242	245	251	253	256	0
3	4	5	7	8	11	14	15	24	28	30	32	34	35	36	40	43	50	58	60	64	68	69	80	81	88	89	103	104	114	115	116	122	125	133	135	136	138	143	146	148	149	161	169	170	174	175	177	184	187	196	203	204	205	211	215	224	226	227	233	235	237	240	242	244	245	250	252	253	254	0
1	5	6	7	13	15	17	25	28	31	35	38	41	42	44	46	49	56	57	59	60	62	65	67	74	76	78	80	81	83	88	89	90	92	93	97	101	104	107	109	117	124	132	133	138	142	146	148	151	167	174	178	179	188	194	196	198	201	206	208	215	219	221	222	224	230	231	232	235	236	237	239	250	251	253	0
6	13	14	18	24	27	29	36	40	41	46	48	49	52	53	55	56	59	70	72	81	83	89	96	99	104	105	110	114	119	120	139	145	164	167	169	170	174	175	198	199	200	205	207	210	211	214	216	222	225	227	235	236	237	238	243	244	245	254	256	0
2	3	4	5	7	13	14	24	25	30	31	33	34	36	39	42	44	47	50	56	57	58	61	66	76	77	82	85	105	107	109	110	114	133	146	155	159	163	165	166	167	168	169	171	175	179	181	182	183	184	186	197	206	210	211	212	216	219	222	223	227	247	248	251	256	0
9	10	12	17	18	20	36	39	41	42	43	44	47	48	52	55	57	62	63	67	70	79	81	83	87	101	103	106	108	111	113	117	120	121	125	128	131	136	137	139	142	144	149	152	154	157	160	161	164	166	167	170	195	198	207	209	210	211	220	235	238	239	240	242	246	248	253	255	256	0
2	12	25	27	31	36	40	41	48	50	51	53	54	55	57	62	64	65	66	67	68	70	75	80	81	82	86	87	90	96	98	101	107	110	116	123	127	132	135	138	140	150	152	153	159	162	166	167	169	175	176	183	190	195	196	199	201	204	205	207	209	217	220	221	222	230	233	235	236	248	249	251	253	0
3	6	21	23	24	27	29	34	36	38	40	45	50	52	54	60	61	65	72	78	85	87	89	91	94	99	107	109	111	114	118	119	120	121	123	127	131	134	145	149	152	153	155	162	163	166	168	169	170	171	177	182	184	186	188	193	194	197	201	202	203	204	206	212	213	220	221	222	223	231	242	250	252	0
9	16	18	31	32	34	39	40	43	46	47	48	51	52	54	57	64	65	77	78	91	92	94	99	106	112	115	117	121	123	125	126	132	133	139	141	143	144	145	153	154	156	174	176	181	182	189	190	194	200	202	203	204	205	206	207	208	217	222	226	228	230	232	240	254	256	0
4	7	8	11	19	21	25	31	33	35	36	38	46	51	54	56	62	65	68	77	79	80	84	85	87	95	102	107	110	114	122	128	135	140	145	157	158	160	163	172	176	187	192	195	198	202	208	213	218	220	224	226	231	232	233	238	246	251	0
12	13	17	22	24	32	44	48	49	50	54	58	61	64	66	69	70	72	74	80	82	86	89	90	91	93	94	96	97	101	104	107	108	112	115	118	119	127	133	135	137	138	140	150	155	161	163	164	165	167	168	170	174	175	182	190	191	193	197	201	209	210	214	215	216	218	219	220	228	233	240	245	246	254	0
5	6	8	17	22	24	27	34	47	48	54	56	59	61	67	70	86	88	93	97	104	107	119	121	123	125	126	128	134	135	142	143	149	151	153	155	156	158	160	162	163	166	167	168	169	172	174	180	181	183	191	194	204	205	208	218	221	225	232	235	240	242	251	0
2	6	9	10	11	18	22	23	25	28	31	34	35	36	41	52	55	58	63	65	68	71	72	79	80	84	89	91	95	102	104	110	113	119	123	125	133	136	140	143	152	155	158	163	168	170	175	185	186	187	191	196	201	202	205	210	212	216	225	230	237	240	241	248	251	252	0
3	5	6	7	10	13	27	30	36	42	43	46	57	59	60	61	62	67	70	71	89	90	92	93	95	101	108	113	114	115	116	119	121	134	138	142	150	155	156	169	171	172	174	184	190	194	195	198	200	204	212	219	224	228	231	238	240	244	246	249	0
2	3	5	8	10	19	27	29	34	36	39	42	47	51	52	53	54	60	62	69	70	77	80	86	87	94	99	107	111	117	126	132	134	135	144	147	149	155	156	162	164	165	167	170	177	185	186	187	195	196	197	200	204	205	212	213	217	220	221	222	225	228	237	239	250	0
3	15	17	20	21	22	29	30	31	33	35	37	41	42	53	59	73	76	77	85	86	88	89	90	91	94	96	99	100	105	116	120	122	124	126	132	133	143	144	153	160	168	172	174	177	180	181	184	189	195	196	212	214	215	217	220	221	223	224	229	233	235	236	238	240	241	243	254	256	0
11	14	23	25	29	31	36	39	40	41	48	52	53	54	64	67	75	77	78	79	80	90	92	93	99	101	102	106	107	108	110	114	118	122	132	134	135	137	139	141	142	144	146	147	150	156	159	173	178	182	184	185	186	187	189	194	195	196	199	201	202	205	206	207	209	222	226	230	232	234	238	245	247	252	0
4	6	7	10	16	18	21	22	27	29	32	33	35	36	40	51	52	53	65	71	73	75	88	93	94	102	105	106	113	120	121	129	136	137	141	148	157	164	174	182	188	189	191	194	196	199	200	202	204	210	220	231	234	239	241	242	247	0
2	5	16	20	23	42	47	51	52	53	62	63	67	68	72	79	86	104	107	109	115	124	141	143	153	154	160	161	165	166	170	177	181	185	188	190	192	195	196	204	215	217	231	233	236	248	252	254	0
4	5	8	14	16	18	23	24	26	27	32	38	39	42	48	49	52	53	59	60	66	67	68	71	72	73	74	76	77	78	82	88	97	104	109	114	121	123	124	125	126	129	131	138	139	146	148	152	158	161	163	166	174	177	191	193	194	196	204	215	217	218	223	224	227	229	231	242	243	245	246	255	0
2	8	11	13	23	27	29	30	31	32	41	43	44	46	48	50	55	56	57	64	66	67	71	72	77	87	90	95	103	110	115	117	123	128	130	131	134	136	139	141	143	146	150	156	158	159	165	166	168	175	179	182	183	184	190	196	197	199	209	212	213	215	216	218	221	223	230	239	244	246	251	0
7	13	18	24	36	45	47	48	50	52	54	55	59	63	69	71	73	76	78	82	88	91	93	96	99	102	105	112	115	116	125	128	134	136	138	139	140	141	144	146	158	162	163	166	167	169	175	182	193	194	198	204	208	222	224	232	237	242	243	244	245	250	254	0
1	5	8	13	16	17	27	29	37	54	57	64	83	90	94	106	108	110	111	112	129	132	140	142	148	152	157	165	177	179	182	185	191	192	193	198	200	205	216	221	223	236	238	241	244	253	0
16	17	22	31	42	43	51	53	63	67	73	75	81	82	84	90	93	99	100	103	105	119	120	124	125	129	132	133	135	141	146	155	156	160	161	163	167	169	172	180	181	184	186	188	189	191	192	193	218	222	223	225	228	229	238	244	246	248	252	256	0
1	3	5	6	17	20	30	31	32	34	37	39	46	56	63	66	73	76	78	83	87	91	94	99	100	102	106	110	111	114	115	116	130	131	133	134	135	136	137	138	140	141	143	144	147	148	154	155	167	168	169	177	178	188	192	195	200	201	202	203	208	214	220	221	222	223	225	230	233	235	236	240	246	250	253	0
6	11	15	18	21	26	28	31	33	38	45	47	49	50	51	53	55	56	64	66	73	81	83	84	85	86	88	92	93	101	108	115	118	119	121	123	124	125	128	131	132	140	141	143	145	150	154	156	157	160	162	164	166	176	179	181	184	185	186	195	197	202	208	217	218	223	224	226	228	231	235	238	239	245	247	251	252	0
6	9	19	22	24	27	28	32	40	42	50	55	56	69	73	74	79	80	83	90	92	95	99	101	107	108	111	114	117	132	134	147	158	161	163	167	168	170	172	174	177	179	181	183	191	198	203	212	242	243	246	248	251	254	0
2	4	8	9	11	12	15	22	24	27	28	34	41	44	49	50	65	68	76	79	81	83	90	94	103	107	109	111	114	118	120	121	129	136	137	140	147	148	149	151	152	153	154	155	157	158	165	166	167	169	171	172	176	177	179	182	183	186	187	188	189	190	198	203	206	207	208	216	220	224	227	230	231	232	233	235	236	245	246	248	251	254	256	0
4	5	9	17	23	25	35	36	38	40	51	57	63	65	66	68	73	74	75	77	92	94	95	97	123	125	126	127	129	133	136	143	146	147	151	167	170	173	177	179	183	184	186	191	192	198	200	208	210	215	218	219	228	231	232	233	235	241	244	245	250	255	0
1	9	10	14	18	20	27	35	38	43	47	50	52	53	58	60	61	62	63	67	70	72	76	78	81	83	89	93	94	95	96	98	99	111	112	130	131	132	137	139	141	147	148	149	155	157	163	164	166	178	179	180	182	194	196	202	203	206	207	213	219	228	230	233	234	237	241	242	246	248	252	255	0
13	14	19	26	27	30	31	32	34	37	40	47	48	52	55	56	66	68	75	89	95	98	101	104	105	113	119	120	122	127	130	132	133	138	144	148	151	154	155	157	160	169	170	173	185	187	197	198	199	207	208	211	213	216	224	228	230	236	240	0
2	8	9	10	12	18	20	21	26	40	41	44	45	46	48	50	58	62	71	73	78	81	83	84	93	100	105	107	111	112	113	118	120	121	122	125	129	131	134	145	148	150	154	156	161	163	164	169	171	172	190	192	198	201	216	217	224	225	240	245	246	251	256	0
17	22	23	24	25	27	34	41	43	44	45	53	59	61	68	77	79	85	91	92	95	97	98	99	100	101	102	103	104	106	117	118	127	130	134	138	140	155	162	178	187	193	194	195	197	198	202	203	205	212	215	222	236	244	249	253	254	0
4	7	9	10	18	21	23	27	38	42	48	56	57	60	65	66	79	81	82	83	90	92	96	97	100	102	109	116	120	124	126	128	130	131	132	135	140	141	142	143	153	154	158	183	186	188	190	194	195	199	202	203	208	210	212	225	226	231	235	236	242	244	246	251	255	0
1	5	7	10	20	21	26	31	33	45	46	48	52	54	60	69	71	78	92	94	97	100	108	109	113	122	135	137	142	143	161	164	167	169	178	184	188	190	191	192	194	195	196	202	204	209	211	212	220	223	227	239	245	249	251	0
3	14	18	19	28	29	33	41	44	48	59	67	69	70	72	80	82	87	89	93	94	97	105	109	110	117	122	129	138	139	140	141	149	156	157	158	161	162	164	171	172	175	176	177	185	192	195	203	207	208	210	211	212	213	222	227	234	238	241	242	243	246	249	250	252	255	0
2	8	9	27	29	32	33	37	38	44	45	50	53	59	76	85	87	105	113	118	120	121	123	125	126	128	131	134	136	137	142	145	146	148	151	152	153	157	158	159	160	162	165	167	168	170	172	177	186	189	190	197	201	203	207	209	213	215	218	219	226	227	228	229	230	231	232	233	235	244	251	253	255	0
4	5	12	13	14	16	17	20	22	23	25	29	32	34	36	37	39	42	43	44	48	51	55	58	64	70	75	81	84	86	89	97	98	114	115	120	125	127	128	130	131	134	138	140	141	142	148	149	154	157	159	161	167	171	181	187	191	199	200	202	211	212	219	221	227	235	239	240	243	244	246	250	251	252	255	0
2	7	16	20	22	23	24	28	32	33	36	40	47	49	59	73	78	79	83	92	97	105	106	110	121	128	132	133	135	137	143	147	148	157	158	164	167	172	175	177	181	182	189	196	197	204	213	221	224	227	228	229	232	235	237	239	244	249	250	253	255	0
1	4	5	8	9	10	13	14	18	19	21	31	41	45	51	58	66	67	69	72	80	82	84	85	92	97	110	111	116	124	126	129	132	137	148	152	153	161	162	164	166	167	169	171	172	176	181	189	191	192	207	215	222	223	224	225	226	231	232	235	246	250	255	0
1	8	15	22	26	35	38	40	41	45	47	49	58	70	75	78	79	85	89	93	94	95	101	107	110	111	121	124	129	131	138	142	159	163	167	172	176	179	183	185	186	196	198	201	202	211	213	216	217	218	224	226	229	234	242	244	250	253	0
4	7	11	15	17	23	24	30	35	41	44	47	53	55	61	63	70	72	73	77	82	87	90	93	96	101	106	113	115	117	127	133	145	151	154	161	162	163	169	170	172	178	180	182	183	185	203	207	211	224	226	228	231	233	234	242	251	254	0
1	2	3	20	21	24	26	27	29	35	38	39	49	55	64	67	68	69	74	77	80	83	84	88	91	98	104	116	123	124	126	128	129	130	132	135	145	146	152	159	168	171	173	174	179	182	190	194	196	200	204	208	212	215	217	218	224	238	244	247	248	249	0
10	17	22	23	25	30	31	35	36	42	43	45	47	52	54	56	57	59	60	64	71	72	74	77	80	95	100	106	110	126	129	130	137	140	147	150	152	154	157	160	165	166	167	174	177	178	180	181	183	185	190	195	197	201	205	206	207	213	215	216	221	224	227	229	233	235	242	254	255	0
4	9	10	12	14	18	21	24	33	36	47	49	50	56	58	59	65	67	69	70	78	81	82	85	92	94	99	105	107	117	122	129	135	137	138	141	160	165	167	172	178	180	182	184	185	188	190	196	197	199	204	209	215	216	224	226	227	238	240	243	244	248	250	253	254	0
1	6	7	8	9	10	17	18	19	22	24	29	30	33	36	37	39	40	41	45	47	51	52	53	55	58	62	68	72	73	79	84	86	87	89	91	94	96	98	100	104	106	108	117	118	121	122	125	131	140	168	169	171	172	173	176	181	189	194	197	198	203	206	212	215	216	217	224	229	231	238	240	242	244	247	248	251	253	0
2	6	13	16	17	20	25	45	49	51	52	53	63	64	65	68	75	76	79	81	84	86	88	94	95	98	99	100	103	105	109	116	122	123	125	133	141	159	164	165	166	167	174	177	182	183	184	185	204	205	217	223	228	229	236	241	242	243	244	248	250	255	0
1	4	5	6	7	19	22	23	31	32	35	37	39	42	48	51	55	57	59	67	72	76	80	81	87	91	95	97	102	106	108	114	115	127	131	132	134	135	136	137	139	141	143	144	145	146	152	153	171	172	176	189	190	191	193	194	199	203	212	213	215	216	221	224	225	226	227	231	240	241	253	0
4	5	19	24	25	26	27	32	35	36	37	42	46	48	50	55	57	58	64	65	70	86	88	89	95	96	99	100	103	111	116	118	123	124	125	132	138	142	150	153	154	155	156	157	160	161	165	174	175	176	181	183	185	190	191	194	203	206	210	212	215	218	220	221	234	238	242	246	247	252	0
4	10	11	12	29	35	38	41	49	54	55	56	58	63	67	69	71	75	77	89	95	98	102	103	109	117	120	123	124	126	127	139	147	148	149	153	154	158	162	165	167	178	183	185	186	189	190	191	200	202	209	217	226	238	239	243	244	249	250	254	256	0
12	13	14	16	17	26	27	30	38	52	53	54	55	58	59	66	68	70	73	78	79	86	90	95	96	103	113	115	119	120	125	131	137	165	171	174	181	191	193	197	201	203	204	210	211	213	223	230	232	233	236	237	252	253	255	256	0
1	3	4	7	10	11	13	16	19	25	31	32	34	42	44	46	61	62	72	78	83	87	94	98	124	127	130	132	133	136	137	141	143	145	148	155	161	164	169	171	176	178	187	190	193	202	205	208	213	222	225	226	237	240	241	254	255	0
3	5	8	10	17	24	30	39	41	50	56	61	67	69	74	79	82	85	92	95	98	113	115	119	120	122	132	135	136	138	143	146	147	153	161	163	167	171	174	180	187	188	189	193	196	198	199	200	201	203	212	218	219	225	232	233	235	239	247	248	249	253	0
3	6	8	10	11	13	14	22	44	46	47	54	56	58	59	63	69	70	73	82	84	86	89	91	93	94	96	98	108	111	115	122	128	134	135	141	143	148	151	152	155	159	164	167	168	169	171	173	183	188	200	203	205	210	216	217	223	234	235	239	244	245	253	255	0
2	3	12	20	23	28	29	32	44	49	50	52	67	68	69	70	72	77	80	81	82	84	92	98	106	110	124	126	144	145	146	151	153	155	159	164	167	169	171	179	188	189	193	195	199	205	207	209	214	217	221	223	228	229	231	233	234	236	252	0
4	6	8	11	15	18	19	20	23	30	36	44	45	47	56	64	67	69	73	81	82	83	85	86	99	105	109	110	116	118	119	135	143	147	149	153	154	157	159	162	164	168	169	172	175	178	187	191	203	207	209	214	223	225	232	234	237	247	254	0
5	19	22	25	26	36	38	39	46	54	57	59	61	65	67	71	73	74	75	79	81	92	95	99	106	109	115	116	119	123	127	135	141	147	155	159	160	162	171	173	174	178	179	184	189	191	201	208	209	210	211	216	220	221	224	225	226	228	230	232	233	234	237	241	248	249	0
3	5	6	14	25	26	30	33	35	38	39	40	43	49	59	64	69	72	79	86	94	96	98	100	104	111	118	124	127	130	131	137	139	146	147	150	155	160	163	168	183	186	187	188	189	191	198	204	207	209	213	215	216	219	222	241	249	252	254	0
1	6	11	12	17	19	20	27	34	36	37	43	44	48	53	55	62	64	74	75	77	79	83	85	91	92	94	95	104	115	120	126	131	137	146	161	170	172	180	182	186	193	197	198	201	207	208	211	212	214	215	217	219	221	223	225	227	236	250	256	0
7	13	15	19	23	28	29	31	33	44	50	62	71	72	75	79	81	84	86	92	94	96	98	99	101	102	104	116	119	121	127	132	133	134	144	148	151	152	154	157	162	165	168	169	170	171	179	180	186	192	204	205	213	230	233	236	240	243	251	0
5	10	14	17	18	21	25	28	29	31	42	44	46	48	54	58	59	60	64	67	79	81	85	88	90	94	95	97	98	100	116	117	119	120	124	125	132	137	138	145	148	150	152	157	160	174	178	183	187	192	193	194	200	206	211	214	215	217	230	232	233	234	240	244	0
3	11	12	21	27	30	32	35	38	42	49	51	60	62	70	73	74	77	83	84	87	89	91	102	109	113	127	133	134	135	140	142	143	145	146	150	159	160	161	164	174	176	177	179	181	186	194	201	220	222	223	226	230	237	240	244	245	254	0
6	9	19	21	22	25	27	36	47	48	51	53	56	57	58	62	65	67	89	90	93	98	100	101	105	112	116	122	125	126	135	140	143	150	152	154	159	167	170	173	189	190	195	202	209	212	216	223	225	226	227	228	232	234	237	246	252	254	255	0
3	8	13	23	26	27	28	29	30	39	48	49	52	55	56	59	60	64	68	70	73	75	78	89	90	91	93	96	101	105	113	115	117	121	126	130	135	147	152	166	170	175	177	180	182	183	186	188	190	192	194	197	199	200	208	213	214	215	219	221	222	224	225	229	233	247	254	255	0
1	3	4	6	10	11	18	19	25	26	29	32	49	51	55	66	70	78	79	80	81	85	88	89	94	97	98	99	100	105	115	117	120	123	125	132	136	143	157	181	189	195	200	204	206	211	213	217	223	225	236	238	242	245	250	0
1	5	10	13	16	19	21	25	29	32	39	44	45	46	51	53	54	64	67	75	88	89	90	93	99	101	102	111	113	117	118	121	122	124	125	127	128	132	134	146	154	155	157	159	162	164	165	166	169	172	179	182	183	186	188	189	190	193	194	210	212	220	224	226	228	232	233	235	238	240	241	254	0
3	5	7	13	22	25	30	33	35	36	39	43	44	46	47	54	55	56	63	67	69	70	73	77	78	90	96	106	116	117	122	124	131	135	137	139	140	141	147	157	165	169	170	173	176	178	186	189	191	196	198	203	206	209	214	215	220	229	231	232	237	239	243	245	249	250	251	253	0
5	7	18	20	26	28	29	31	32	37	40	42	50	58	65	68	73	76	77	83	87	95	96	99	100	102	112	115	116	121	122	123	130	132	134	135	137	141	142	143	146	149	150	151	159	163	168	171	185	193	207	216	217	221	223	224	225	226	227	231	234	238	239	241	250	251	0
1	6	10	14	15	20	27	29	30	33	35	42	54	61	62	67	75	78	79	83	84	86	95	97	102	111	112	122	128	138	144	145	157	158	164	169	171	179	180	181	183	188	191	192	193	196	203	211	215	219	237	238	246	0
