256
54	76	0
0
0
0
0
0
0
99	0
118	0
173	0
0
0
210	225	0
0
0
239	0
248	0
0
54	0
114	0
0
0
0
0
0
144	228	0
0
0
44	0
0
200	0
0
0
0
230	0
183	0
70	0
0
85	0
82	0
184	0
0
157	0
29	0
0
103	248	0
0
0
0
0
85	0
233	0
0
1	19	0
0
0
67	81	0
80	102	0
0
0
0
0
0
0
0
0
57	0
0
0
37	0
0
0
0
113	0
0
1	0
0
0
0
58	0
57	181	0
40	0
0
242	0
39	51	0
203	0
142	0
0
0
165	0
0
0
159	0
173	0
228	0
0
198	0
0
8	143	165	0
108	0
0
58	0
46	0
0
0
0
0
100	0
0
157	0
0
0
74	159	0
20	0
0
0
0
9	0
0
0
124	0
0
196	0
121	0
0
0
170	0
0
0
239	0
0
236	0
200	0
0
0
0
0
194	0
0
0
0
87	0
99	0
26	0
0
0
0
0
0
0
0
0
0
0
0
0
43	110	0
0
93	113	0
0
0
0
0
0
90	99	0
169	0
228	0
200	0
166	0
127	0
0
0
10	94	0
0
208	0
0
0
0
0
0
81	0
0
36	184	0
41	183	0
0
0
0
215	0
0
0
0
0
198	0
138	0
0
123	0
0
97	193	0
0
31	133	168	0
0
239	0
86	0
0
0
0
0
175	0
254	0
13	0
0
214	0
0
212	0
188	0
0
0
0
0
0
0
0
252	0
0
13	0
0
0
26	95	167	244	0
0
35	0
0
0
52	0
0
0
132	0
0
0
16	130	202	0
0
0
84	0
0
228	0
0
0
0
17	46	0
0
0
0
223	0
0
209	0
0
0
