256
54	76	82	235	0
38	61	192	0
52	129	130	203	242	254	0
73	106	138	185	0
222	254	255	0
112	125	190	214	0
147	205	0
73	82	99	147	189	219	0
23	77	102	118	219	0
39	49	92	112	148	173	227	0
93	0
122	131	134	232	242	246	0
18	71	77	186	209	210	225	0
93	167	238	245	0
141	0
35	171	188	196	234	239	0
122	198	248	0
13	112	136	248	0
54	84	88	90	165	202	236	0
53	114	118	122	0
195	248	0
26	53	186	233	0
9	34	41	67	95	221	235	243	0
62	121	0
126	254	0
22	49	109	143	144	228	0
82	83	199	236	0
137	153	184	242	0
44	47	110	174	203	230	253	0
49	203	245	0
153	200	0
68	116	133	164	166	0
36	56	62	81	232	0
23	84	91	149	200	239	0
16	140	216	228	230	0
33	72	153	183	0
70	83	119	125	175	0
2	95	120	0
10	52	85	111	147	196	230	0
81	82	196	0
23	134	184	186	0
105	182	221	0
48	157	186	225	0
29	149	172	248	0
70	152	164	0
52	56	103	219	248	0
29	61	68	0
43	100	0
10	26	30	88	213	0
55	99	110	174	0
85	102	111	137	213	225	0
3	39	46	97	186	207	233	0
20	22	106	0
1	19	198	210	237	0
50	191	0
33	46	87	116	212	214	243	0
67	81	0
74	80	84	91	102	119	120	121	168	237	0
84	103	110	190	203	0
190	0
2	47	107	114	201	240	0
24	33	72	106	132	141	0
0
94	178	236	0
163	190	0
182	0
23	57	86	114	172	0
32	47	105	159	215	0
78	152	161	0
37	45	124	175	254	0
13	76	101	135	144	237	0
36	62	164	182	183	229	0
4	8	89	107	117	211	213	229	238	249	0
58	113	136	181	0
205	211	0
1	71	152	156	0
9	13	86	97	0
69	0
81	89	127	176	0
58	189	0
33	40	57	79	148	181	0
1	8	27	40	176	194	232	240	0
27	37	0
19	34	58	59	197	234	242	0
39	51	197	232	248	0
67	77	199	203	0
56	114	142	0
19	49	117	134	190	0
73	79	137	143	0
19	105	165	229	0
34	58	95	200	0
10	155	190	222	0
11	14	159	199	228	0
64	108	116	164	173	222	0
23	38	91	103	228	234	248	0
100	131	0
52	77	160	166	198	226	0
194	225	0
8	50	116	143	146	165	186	0
48	96	108	221	0
71	118	0
9	51	58	103	167	176	0
46	59	95	102	108	125	188	0
0
42	68	90	117	124	0
4	53	62	181	193	0
61	73	130	159	195	0
94	100	103	0
26	190	0
29	50	59	148	157	172	242	0
39	51	210	0
6	10	18	126	149	169	0
74	137	159	200	0
20	61	67	87	0
209	0
32	56	94	99	0
73	88	105	0
9	20	101	0
37	58	174	240	0
38	58	215	0
24	58	124	253	0
12	17	20	219	222	0
196	200	208	224	0
70	105	121	147	242	0
6	37	103	253	0
25	112	0
79	146	170	187	253	0
0
3	0
3	107	220	239	0
12	96	134	141	178	213	0
62	137	163	181	230	236	239	0
32	139	200	211	216	0
12	41	88	131	201	212	214	0
71	250	255	0
18	74	0
28	51	89	113	132	174	231	0
4	140	194	0
133	159	237	0
35	138	0
15	62	131	164	165	204	0
87	167	190	0
26	89	99	0
26	71	169	0
224	0
99	127	208	0
7	8	39	124	0
10	81	110	212	0
34	44	112	0
0
0
45	69	76	215	251	0
28	31	36	196	243	0
193	0
92	170	171	201	0
76	0
43	110	252	0
214	256	0
68	93	107	113	139	204	208	0
97	185	203	0
69	193	0
170	244	0
65	132	199	0
32	45	72	94	141	187	193	217	227	0
19	90	99	141	232	237	0
32	97	169	0
14	102	142	183	199	214	216	228	231	0
58	200	214	0
112	144	166	184	0
127	155	162	247	0
16	155	0
44	67	110	224	229	0
10	94	250	0
29	50	119	137	0
37	70	208	0
79	82	102	228	0
0
64	131	229	0
0
231	246	0
74	81	106	132	0
42	66	72	217	0
36	72	167	184	199	231	0
28	41	169	183	208	0
4	160	0
13	22	41	43	52	99	0
127	164	0
16	103	211	215	232	0
8	80	215	240	0
6	59	60	65	88	92	109	142	230	0
55	205	210	0
2	248	0
106	154	161	164	198	0
82	98	138	221	0
21	107	0
16	39	40	123	153	204	207	0
84	85	238	0
17	54	97	193	0
27	86	93	163	167	183	208	0
31	34	91	113	123	133	168	0
61	134	155	238	246	0
19	239	0
3	29	30	59	86	160	223	0
141	159	196	247	0
7	75	191	0
248	0
52	196	0
123	146	159	175	184	199	239	0
13	115	254	0
13	54	111	191	0
73	75	133	188	0
56	134	148	214	0
49	51	73	131	0
6	56	134	158	167	168	212	0
68	120	152	188	189	245	248	0
35	133	167	233	0
164	182	0
224	0
8	9	46	122	225	0
130	0
23	42	100	194	0
5	92	94	122	0
203	252	0
123	145	172	218	0
13	43	51	98	219	0
97	0
10	164	0
26	35	93	95	167	176	244	0
72	73	90	172	178	0
29	35	39	132	190	248	0
137	167	180	183	0
12	33	82	85	165	188	0
22	52	216	0
16	84	95	242	244	0
1	23	0
19	27	64	132	0
54	58	71	139	165	0
14	73	197	201	0
16	34	130	132	202	208	0
61	82	119	189	0
0
3	12	28	84	110	124	234	0
23	56	153	0
162	228	234	0
14	30	215	249	0
12	180	201	0
170	204	0
17	18	21	44	46	85	95	192	206	215	230	0
73	245	0
135	173	0
152	0
157	223	0
29	121	125	127	0
3	5	25	70	209	0
5	135	0
158	0
