256
31	43	121	159	181	209	212	233	238	0
67	87	160	194	203	222	0
6	50	87	145	162	164	188	200	236	254	0
16	31	38	54	58	111	125	153	166	181	216	0
46	77	93	108	131	146	184	219	0
3	59	67	106	118	139	152	170	207	237	242	244	253	0
39	141	227	0
18	23	53	107	126	128	166	222	0
45	139	148	174	192	207	256	0
54	75	106	131	157	169	177	178	183	184	207	215	0
26	35	112	119	200	211	0
22	33	39	114	122	171	192	204	208	210	211	214	221	224	239	246	0
19	52	56	58	241	0
72	97	116	117	148	236	0
45	47	75	102	172	180	182	212	222	230	0
4	43	86	118	178	213	0
69	119	127	137	151	167	234	246	0
8	57	63	78	156	218	256	0
13	70	108	137	168	180	254	0
47	58	75	80	146	180	189	219	221	237	0
34	46	109	227	236	240	247	249	251	0
12	40	64	73	146	215	256	0
8	26	67	69	92	104	136	192	205	0
27	40	44	126	175	249	255	0
81	133	197	211	0
11	23	32	54	57	109	114	122	131	224	233	240	245	247	0
24	32	53	122	168	206	210	0
33	81	157	187	0
54	150	187	191	224	245	0
66	101	111	151	158	204	212	220	236	0
1	4	93	140	0
26	27	60	74	115	125	196	210	217	218	226	253	0
12	28	69	132	203	208	247	0
21	78	93	108	130	134	142	167	199	208	221	225	250	0
11	98	186	200	238	0
123	130	141	161	166	208	219	0
40	58	71	80	160	174	227	254	0
4	39	78	120	161	179	240	242	0
7	12	38	86	127	195	213	219	243	0
22	24	37	94	154	164	206	223	229	255	0
64	177	194	243	0
79	85	126	200	0
1	16	46	104	121	154	220	223	246	0
24	46	83	95	108	168	209	250	0
9	15	134	195	202	212	217	0
5	21	43	44	62	78	118	168	171	192	245	0
15	20	50	55	76	103	180	0
84	89	107	113	125	131	133	184	195	217	244	0
81	157	239	245	0
3	47	57	92	120	131	134	140	178	228	0
67	77	82	112	168	209	0
13	54	65	95	131	176	182	187	196	205	0
8	27	64	98	104	169	204	248	0
4	10	26	29	52	107	114	203	234	235	0
47	65	83	120	161	185	193	203	249	0
13	59	122	145	206	212	228	0
18	26	50	60	76	150	161	167	200	0
4	13	20	37	105	139	179	204	214	251	0
6	56	95	107	109	129	149	185	209	223	226	230	251	0
32	57	81	91	97	129	132	210	253	256	0
67	107	115	130	151	161	191	205	210	230	238	241	249	0
46	81	90	133	141	174	177	205	0
18	64	161	176	207	216	0
22	41	53	63	87	171	198	223	234	238	239	0
52	55	69	76	80	140	149	192	210	0
30	77	81	92	122	147	171	185	190	195	218	256	0
2	6	23	51	61	125	136	167	184	193	233	243	0
101	105	162	210	254	0
17	23	33	65	83	100	157	222	0
19	78	101	132	161	199	0
37	250	251	0
14	104	133	213	230	0
22	108	148	182	183	187	189	251	0
32	81	84	121	139	152	179	236	0
10	15	20	76	143	157	251	253	0
47	57	65	75	112	176	247	0
5	51	66	219	247	0
18	34	38	46	70	154	175	199	209	215	232	244	0
42	102	132	174	195	250	0
20	37	65	90	101	118	136	170	173	176	203	0
25	28	49	60	62	66	74	90	94	97	127	205	0
51	119	143	0
44	55	69	174	196	217	0
48	74	92	169	179	200	0
42	92	157	175	184	209	0
16	39	132	136	141	142	185	217	218	0
2	3	64	96	141	149	169	197	198	220	230	241	0
118	152	158	171	201	239	240	243	0
48	98	112	204	207	230	0
62	80	81	122	144	148	157	171	206	253	0
60	213	256	0
23	50	66	84	85	103	104	159	190	0
5	31	34	98	103	117	160	174	212	0
40	81	102	131	187	221	0
44	52	59	107	139	142	145	149	250	0
87	110	144	180	211	236	0
14	60	81	231	0
35	53	89	93	101	133	179	212	0
227	236	244	0
69	156	162	229	0
30	68	70	80	98	108	140	156	174	213	0
15	79	94	132	134	178	193	201	211	215	236	246	252	0
47	92	93	133	140	178	240	241	253	0
23	43	53	72	92	122	131	140	241	0
58	68	176	230	236	0
6	10	167	191	194	212	217	0
8	48	54	59	61	95	154	170	196	225	255	0
5	19	34	44	73	101	160	190	194	236	237	0
21	26	59	111	181	190	214	0
96	212	232	0
4	30	109	138	152	155	169	207	237	248	0
11	51	76	89	136	145	221	243	0
48	190	195	254	0
12	26	54	129	147	214	0
32	61	123	131	165	204	233	0
14	141	209	229	242	245	0
14	93	168	254	0
6	16	46	80	88	175	251	0
11	17	82	132	135	181	0
38	50	55	171	218	240	248	0
1	43	74	141	167	204	209	0
12	26	27	56	66	90	104	158	208	0
36	115	127	137	206	212	0
187	199	254	255	0
4	32	48	67	205	209	235	0
8	24	42	179	226	255	0
17	39	81	123	144	158	159	196	206	233	0
8	146	155	206	235	254	0
59	60	114	151	200	0
34	36	61	147	256	0
5	10	26	48	50	52	94	104	115	150	0
33	60	70	79	86	102	119	178	208	224	0
25	48	62	72	98	103	233	0
34	45	50	102	141	192	217	218	0
119	208	216	234	0
23	67	80	86	112	140	174	181	249	0
17	19	123	148	174	176	199	203	236	249	0
111	232	0
6	9	58	74	95	141	222	0
31	50	65	101	103	104	136	163	166	171	178	226	229	248	256	0
7	36	62	86	87	116	121	134	139	181	192	211	230	233	240	253	255	0
34	86	95	144	147	163	170	175	0
75	82	208	210	0
90	96	127	142	158	162	189	213	0
3	56	95	112	168	198	226	246	254	0
5	20	22	128	0
66	114	130	142	171	173	216	227	228	238	0
9	14	73	90	137	152	195	227	228	0
59	65	87	95	172	176	217	246	0
29	57	131	211	0
17	30	61	129	216	0
6	74	88	111	148	176	183	197	206	236	0
4	189	205	206	219	243	250	0
40	43	78	107	170	173	256	0
111	128	175	183	203	224	251	0
18	100	101	170	230	0
10	28	49	69	75	85	90	206	211	237	0
30	88	122	127	144	208	0
1	92	127	0
2	37	93	108	167	0
36	38	55	57	61	63	70	211	219	0
3	68	100	144	180	215	241	0
140	142	164	190	0
3	40	163	206	221	0
115	207	242	243	0
4	8	36	140	174	176	218	221	233	250	0
17	34	57	67	106	121	160	204	235	241	244	0
19	27	44	46	51	117	145	201	216	226	227	256	0
10	53	84	87	111	170	210	0
6	80	107	142	154	156	169	184	186	207	230	0
12	46	64	66	88	90	120	140	147	189	196	212	0
15	149	173	191	198	251	0
80	147	154	172	194	236	0
9	37	62	79	83	93	101	136	137	166	184	0
24	78	85	118	142	155	187	200	202	0
52	63	76	80	105	137	149	152	166	0
10	41	62	190	215	230	0
10	16	50	102	103	132	140	202	234	0
38	58	74	84	98	126	215	0
15	19	20	47	96	162	183	0
1	4	109	119	136	141	187	195	243	0
15	52	73	0
10	73	152	155	180	210	229	0
5	10	48	67	85	170	174	194	207	245	0
55	59	66	86	217	225	251	0
35	170	206	0
28	29	52	73	94	124	175	181	201	248	0
3	192	214	222	0
20	73	144	153	171	193	194	195	0
66	92	108	109	113	163	177	0
29	61	106	172	215	0
9	12	23	46	65	134	141	188	245	254	0
55	67	102	189	194	200	240	0
2	41	106	108	173	184	189	193	214	242	247	0
39	45	48	66	79	113	148	181	189	233	240	0
32	52	83	107	127	171	209	0
25	87	152	222	248	0
64	87	145	172	234	0
34	70	78	124	137	235	0
3	11	35	42	57	84	129	175	193	221	226	239	0
88	102	168	187	206	209	0
45	175	178	217	245	0
2	33	54	55	80	137	155	209	213	232	0
12	30	53	58	89	115	121	167	211	244	0
23	52	61	62	81	125	153	219	225	0
27	40	56	90	123	127	128	152	153	157	164	186	201	229	248	0
6	9	10	63	89	111	165	170	184	0
12	33	34	36	122	132	135	143	158	251	0
1	44	51	59	78	85	116	121	125	196	201	203	211	255	0
12	27	32	60	61	65	68	143	169	183	243	0
11	12	25	96	102	141	150	157	161	204	209	224	243	249	0
1	15	30	45	56	93	98	106	110	123	171	221	232	0
16	39	72	91	101	144	203	233	256	0
12	58	109	114	188	194	216	220	230	249	0
10	22	78	102	162	177	179	191	245	256	0
4	63	135	147	151	168	214	253	0
32	45	48	83	86	106	134	149	185	202	234	238	0
18	32	66	86	120	134	166	219	233	0
5	20	36	39	77	153	161	205	218	226	238	0
30	43	87	214	0
12	20	34	94	112	164	166	200	212	223	0
2	8	15	69	139	188	197	0
40	43	59	64	221	242	0
12	26	29	132	155	211	228	0
34	107	185	205	243	247	0
32	59	126	140	145	168	200	219	0
7	21	37	99	147	148	168	0
50	56	147	148	224	241	0
40	100	116	140	183	206	240	0
15	59	61	72	87	89	105	141	156	170	177	214	243	0
97	239	241	250	0
78	110	138	203	212	0
1	26	67	115	127	133	141	166	195	213	218	235	245	250	0
17	54	64	135	178	198	217	244	0
54	125	128	167	199	233	241	254	0
3	14	21	30	74	96	99	102	105	108	137	152	173	0
6	20	108	111	157	242	0
1	35	61	64	147	217	219	247	0
12	49	64	88	200	231	242	0
21	26	38	88	103	120	141	193	195	229	0
13	61	87	103	104	162	167	228	231	235	0
6	38	116	165	194	223	237	239	0
39	41	67	88	112	153	165	181	210	211	225	230	0
6	48	78	99	167	204	234	0
26	29	46	49	116	184	192	202	215	233	0
12	17	43	102	145	149	0
21	26	33	76	77	194	225	238	0
53	111	120	140	187	197	206	0
21	24	55	61	136	137	211	214	0
34	44	71	79	95	153	166	231	233	254	0
21	58	59	71	73	75	118	155	172	185	208	256	0
102	254	0
6	32	60	75	90	103	141	216	0
3	19	37	68	113	117	124	128	145	192	235	250	252	0
24	40	107	124	126	141	209	0
9	18	22	60	66	91	130	140	154	168	213	215	251	0
