256
54	76	82	0
38	61	0
52	130	242	0
106	138	0
222	0
112	214	0
0
82	99	189	219	0
77	118	0
148	173	0
0
242	0
186	210	225	0
167	0
0
196	234	239	0
198	248	0
112	136	248	0
54	84	88	90	202	0
114	122	0
0
186	233	0
41	95	0
121	0
126	0
49	143	144	228	0
82	236	0
137	153	0
44	110	174	253	0
49	245	0
200	0
166	0
56	232	0
91	0
140	228	230	0
153	183	0
70	125	175	0
2	120	0
52	85	196	230	0
82	0
23	184	0
182	0
48	157	186	225	0
29	172	248	0
152	0
52	56	103	219	248	0
61	68	0
43	0
26	30	0
55	99	110	0
85	102	111	137	213	0
3	39	46	233	0
0
1	19	210	0
50	0
33	46	87	212	0
67	81	0
80	102	119	0
103	190	0
0
2	47	107	114	240	0
106	141	0
0
94	178	236	0
0
0
57	86	114	172	0
47	215	0
152	0
37	124	175	0
135	237	0
164	182	183	229	0
107	211	213	229	238	0
113	181	0
205	0
1	0
9	86	97	0
0
0
58	0
57	181	0
1	8	27	40	194	232	0
0
19	242	0
39	51	232	248	0
67	77	199	203	0
56	114	142	0
19	134	190	0
0
19	105	165	0
34	95	200	0
222	0
159	0
64	116	164	173	0
23	91	228	0
100	131	0
77	160	198	226	0
194	0
8	50	116	143	165	186	0
96	108	0
118	0
51	58	103	176	0
46	59	102	125	0
0
90	0
4	62	0
61	73	0
100	0
0
29	50	157	172	242	0
51	210	0
6	18	0
74	159	0
20	61	67	87	0
0
94	99	0
0
9	101	0
58	174	240	0
38	0
24	124	253	0
20	219	0
196	208	0
70	121	242	0
37	103	0
25	0
170	253	0
0
0
3	239	0
96	134	0
163	181	236	0
139	200	216	0
88	131	212	0
71	255	0
18	0
28	51	0
4	194	0
133	159	0
35	0
62	164	0
87	0
26	99	0
26	0
0
208	0
0
10	212	0
0
0
0
45	69	0
28	36	243	0
193	0
0
0
43	110	0
214	0
93	113	139	0
97	203	0
193	0
0
132	0
72	94	141	187	0
90	99	0
32	169	0
14	183	199	228	231	0
200	214	0
166	184	0
127	247	0
0
44	67	110	0
10	94	250	0
29	119	0
37	70	208	0
102	0
0
64	0
0
231	0
74	81	132	0
42	72	0
36	72	167	184	199	231	0
41	169	183	208	0
0
13	22	43	99	0
164	0
211	215	232	0
8	215	240	0
59	88	0
210	0
0
154	161	198	0
82	98	138	221	0
0
16	39	123	0
0
17	97	193	0
86	167	183	0
31	91	133	168	0
238	0
19	239	0
86	160	0
0
75	0
0
0
123	146	175	184	239	0
254	0
13	54	111	191	0
73	188	0
56	134	148	214	0
51	73	0
6	158	168	212	0
68	188	189	248	0
133	233	0
0
0
8	46	122	225	0
0
194	0
5	92	0
252	0
0
13	43	219	0
97	0
0
26	35	95	167	244	0
72	73	0
35	39	248	0
167	180	183	0
33	82	85	188	0
22	52	216	0
16	242	244	0
0
27	64	132	0
71	0
73	201	0
16	130	202	208	0
61	119	189	0
0
3	12	84	110	124	234	0
153	0
228	234	0
30	0
0
170	0
17	18	44	46	85	215	230	0
0
173	0
0
223	0
29	121	127	0
209	0
135	0
0
