256
0
0
145	0
31	38	54	216	0
219	0
152	244	0
0
126	0
0
157	177	0
26	112	0
39	114	192	0
241	0
0
172	0
178	0
137	167	0
0
0
180	0
236	0
0
0
40	0
0
11	54	114	233	245	0
0
33	0
0
158	0
4	93	0
0
28	0
0
0
123	0
80	0
4	242	0
12	219	0
24	154	0
64	0
79	200	0
104	0
46	0
134	217	0
44	171	245	0
0
107	131	184	0
157	245	0
140	228	0
209	0
182	196	0
0
4	26	0
185	0
228	0
161	0
251	0
223	0
91	97	0
151	241	0
177	0
216	0
41	0
76	192	0
81	147	0
0
162	0
0
0
0
0
189	0
121	179	0
0
65	112	0
0
232	0
42	174	0
37	101	170	173	0
66	0
0
0
0
0
141	142	0
220	0
0
0
122	0
60	0
0
31	0
0
0
144	236	0
60	0
0
227	244	0
0
80	140	0
134	252	0
133	0
43	0
0
217	0
48	0
160	0
0
0
138	0
11	76	0
0
12	26	129	0
0
141	0
0
175	0
0
171	0
74	141	204	0
90	0
36	0
0
0
8	0
0
0
114	0
147	0
48	0
0
103	0
45	102	141	0
208	234	0
0
17	174	0
111	0
0
50	101	163	0
86	116	121	134	233	0
86	0
210	0
96	0
3	0
0
66	130	0
152	0
176	246	0
0
61	0
6	148	0
0
40	173	0
0
0
10	49	0
30	0
0
108	0
57	0
68	0
140	0
0
207	0
0
17	235	241	0
0
0
80	207	0
46	120	0
15	0
80	154	0
79	137	0
118	0
149	0
10	62	0
16	0
74	0
20	0
0
52	0
0
48	245	0
55	0
0
0
214	0
73	0
0
0
12	65	0
0
0
0
52	0
0
0
0
42	0
0
0
0
121	0
225	0
0
165	170	0
135	0
51	255	0
143	0
0
0
256	0
188	0
245	0
4	63	0
45	106	238	0
219	0
5	39	218	0
87	0
0
0
59	242	0
0
205	0
0
99	0
50	56	0
0
243	0
0
78	0
26	141	0
135	0
167	241	0
21	96	0
0
217	0
0
0
13	61	167	235	0
38	223	0
230	0
6	99	0
26	46	49	184	215	0
149	0
0
0
0
0
58	0
102	0
0
0
209	0
213	0
