256
31	43	44	63	101	118	121	125	159	181	209	212	213	231	233	238	0
6	10	51	67	78	87	160	173	194	203	218	222	227	230	250	0
6	25	48	50	84	87	121	134	145	162	164	176	186	188	190	200	210	236	254	0
16	18	29	31	38	54	58	111	125	145	153	166	177	181	216	246	249	0
46	77	93	108	131	142	146	157	184	206	219	243	0
2	3	34	59	67	106	118	139	147	152	170	188	207	232	233	237	242	244	253	255	0
36	39	60	130	141	202	227	245	253	0
14	17	18	20	23	39	52	53	86	107	117	126	128	166	178	195	203	212	217	222	0
20	45	59	82	111	120	134	139	146	148	173	174	192	203	207	215	234	256	0
2	54	75	78	86	106	108	129	131	133	157	169	177	178	183	184	207	215	228	229	236	0
26	32	35	59	97	99	112	119	163	175	188	200	211	0
22	32	33	39	84	114	121	122	164	171	174	189	192	204	208	210	211	214	221	224	233	236	239	246	252	256	0
19	52	56	58	69	103	156	165	176	241	0
8	36	39	72	73	94	97	116	117	148	174	191	216	235	236	239	244	0
45	47	75	89	100	102	113	172	180	182	208	212	222	230	0
4	43	86	87	118	120	141	146	169	178	180	183	198	207	213	217	0
8	69	119	127	137	151	156	167	234	239	246	0
4	8	43	56	57	63	66	68	78	99	156	165	177	180	191	218	235	236	256	0
13	49	70	89	108	137	140	168	180	216	254	0
8	9	47	50	58	75	80	108	134	146	152	178	180	189	219	221	225	237	0
25	28	34	46	53	62	74	85	109	206	227	236	240	247	249	251	0
12	40	48	64	73	84	90	128	138	146	192	215	219	234	256	0
8	26	35	67	69	72	92	96	104	106	136	147	155	175	192	205	218	219	236	0
27	33	40	44	49	103	121	126	171	175	200	249	255	0
3	21	52	81	89	93	133	197	206	211	238	244	0
11	23	32	54	57	67	89	109	114	122	131	161	175	224	233	240	245	247	0
24	32	43	47	53	122	124	141	148	156	168	179	185	189	206	210	218	221	254	0
21	33	58	61	81	105	107	108	137	157	177	187	228	0
4	31	32	54	93	95	119	130	150	171	176	187	191	224	230	245	246	0
60	66	70	99	101	103	111	151	158	202	204	212	220	236	248	0
1	4	29	54	60	61	62	93	122	129	140	193	234	0
11	12	26	27	29	60	74	78	115	125	178	181	183	196	197	198	208	210	216	217	218	226	244	253	0
12	24	28	40	42	52	58	64	69	74	114	122	132	165	166	196	203	208	234	247	0
6	21	36	44	53	78	80	93	108	124	130	134	142	167	179	199	204	208	221	225	250	255	0
11	23	54	55	80	82	98	168	182	186	200	221	238	249	0
7	14	34	45	55	73	84	123	130	131	141	161	166	201	208	218	219	224	0
40	43	58	71	80	89	160	174	227	246	250	254	0
4	39	78	104	120	161	179	203	209	219	220	240	242	243	0
7	8	12	14	38	40	48	60	75	86	127	128	170	195	213	219	243	252	0
22	24	33	37	39	47	94	126	129	146	154	164	192	206	223	229	232	255	0
53	64	86	103	177	194	243	0
33	44	65	79	83	85	109	110	126	129	133	136	147	150	188	200	215	238	0
1	16	18	27	37	46	104	121	154	179	182	189	193	220	223	246	255	0
1	24	34	42	46	54	83	95	108	111	112	167	168	175	206	209	210	250	0
9	15	36	56	105	134	167	187	195	196	202	212	217	222	0
5	21	43	44	62	78	79	83	99	118	123	155	168	171	192	244	245	0
15	20	27	40	49	50	55	68	76	84	92	97	103	151	171	180	184	194	227	245	0
3	22	39	76	78	84	89	92	93	104	107	113	121	125	131	133	150	184	195	198	217	220	244	0
19	24	47	81	108	125	138	157	227	228	239	245	251	0
3	20	47	57	92	104	108	120	131	134	140	155	163	178	196	228	241	0
2	56	67	77	82	112	168	204	209	212	220	0
8	13	25	33	54	65	95	123	131	176	180	182	187	196	205	236	0
8	21	27	34	41	64	67	90	98	104	123	169	188	204	223	248	0
4	10	26	29	31	35	44	52	73	89	95	107	114	199	201	203	209	234	235	252	0
35	36	47	65	83	120	122	127	131	161	176	185	193	199	203	230	249	0
13	18	45	51	59	73	122	145	162	166	194	198	202	206	212	228	0
18	26	50	60	65	76	87	133	150	151	161	167	179	200	222	241	0
4	13	20	28	33	37	79	105	107	139	179	204	214	238	251	0
6	9	11	56	69	81	95	104	107	109	129	142	149	185	209	223	226	230	236	251	0
7	30	31	32	39	57	69	81	91	92	97	105	129	132	201	210	233	253	256	0
28	31	67	107	115	130	138	144	151	152	161	191	205	210	230	238	241	249	0
21	31	46	81	90	101	115	124	133	141	174	177	205	231	244	0
1	18	64	93	137	161	176	205	207	208	216	250	0
22	33	41	53	63	87	111	147	171	198	223	228	234	238	239	251	0
42	52	55	57	69	71	76	78	80	96	118	138	140	149	154	192	199	210	212	213	0
18	30	69	77	81	92	122	127	147	152	171	182	185	186	190	195	218	219	256	0
2	6	23	26	51	53	61	103	119	125	136	147	160	163	167	184	193	221	233	243	0
18	47	91	101	105	113	162	197	210	219	254	0
13	17	23	33	59	60	65	66	83	86	100	138	157	178	184	216	222	225	256	0
19	30	73	78	98	101	132	143	151	157	161	165	199	203	205	209	245	0
37	65	72	73	112	161	168	175	245	250	251	0
14	23	71	104	133	145	181	199	213	227	230	233	0
14	22	36	54	56	70	71	77	101	108	147	148	168	169	182	183	187	189	229	239	251	252	0
21	32	33	81	84	121	139	152	179	200	220	235	236	254	0
10	15	20	39	76	101	130	143	145	146	157	239	249	251	253	0
47	48	57	65	75	100	112	168	176	247	250	0
5	51	66	73	145	148	219	225	247	254	0
2	10	18	32	34	38	46	48	65	70	110	154	175	176	199	209	211	215	232	235	244	247	0
42	46	58	85	102	113	114	124	131	132	174	195	220	247	250	0
20	34	35	37	65	84	90	101	118	133	136	141	170	173	176	184	193	203	0
25	28	49	59	60	62	66	74	90	91	94	97	127	131	159	196	205	211	237	251	0
9	35	51	90	119	143	214	0
42	44	46	55	69	120	126	129	146	174	196	217	0
3	12	22	36	47	48	74	80	92	95	98	104	113	150	169	179	200	244	0
21	42	79	92	101	112	140	157	167	175	181	184	190	191	209	0
8	10	16	39	41	69	90	132	136	141	142	182	185	190	210	217	218	0
2	3	16	57	64	96	108	141	149	169	197	198	212	220	230	241	0
118	132	141	152	158	171	201	239	240	243	0
15	19	25	26	37	48	54	98	112	115	152	161	168	188	204	207	221	225	226	230	251	0
22	53	62	80	81	82	86	118	122	139	144	148	152	157	171	206	210	229	253	0
60	68	81	100	124	162	181	213	234	245	256	0
23	47	48	50	60	66	84	85	97	103	104	109	120	145	159	190	194	204	212	213	216	228	253	0
5	25	29	31	34	48	63	98	103	117	139	142	160	174	212	229	234	0
14	40	81	102	112	116	131	187	218	221	239	0
29	44	52	54	59	84	107	119	139	142	145	149	188	223	250	0
23	65	87	110	144	145	180	211	236	0
11	14	47	60	81	92	162	196	211	231	243	0
35	53	70	84	89	93	101	107	133	172	179	206	212	215	255	0
11	18	30	46	113	155	167	185	193	227	233	234	236	244	0
15	69	76	91	156	162	229	0
1	30	62	68	70	73	75	80	85	98	108	140	156	174	204	213	247	250	0
15	79	94	132	134	142	163	176	178	187	193	201	202	211	215	223	236	242	246	249	252	0
13	24	30	41	47	67	92	93	107	123	133	140	178	181	196	223	240	241	253	0
23	38	43	48	50	53	59	72	84	92	109	116	122	131	140	141	147	155	168	241	0
28	45	58	60	68	111	116	117	176	178	181	210	229	230	236	0
6	10	23	123	135	142	167	175	189	191	193	194	212	217	246	0
8	28	48	54	58	59	61	95	98	103	135	154	170	185	195	196	197	225	255	0
5	10	19	20	28	34	44	49	50	73	87	101	135	156	160	178	184	190	194	236	237	0
21	26	42	59	92	104	111	134	149	181	190	193	214	250	0
42	78	96	112	136	203	212	232	233	241	0
4	9	30	44	64	105	109	133	138	140	152	155	169	174	177	201	207	214	218	237	248	0
11	44	51	71	76	85	89	94	110	115	136	145	210	221	241	243	0
15	48	68	79	84	99	115	120	190	195	197	254	0
12	26	33	54	79	129	130	147	174	211	214	229	239	249	0
32	61	62	89	112	113	121	123	131	162	165	197	204	233	0
14	94	104	105	140	141	150	184	205	206	209	229	238	242	245	0
8	14	93	105	125	168	216	241	254	0
1	6	16	46	65	80	88	90	142	175	249	251	256	0
11	17	29	67	82	95	132	135	145	168	181	196	207	214	242	243	249	0
9	16	38	50	55	83	92	113	170	171	202	210	217	218	240	248	0
1	3	12	24	43	48	74	115	141	150	167	172	204	209	237	0
12	26	27	31	33	55	56	66	90	104	133	158	197	208	234	246	0
36	46	52	53	103	106	115	127	137	140	155	166	192	206	212	215	0
27	34	62	79	91	157	187	199	205	254	255	0
1	4	32	48	49	67	117	155	205	209	235	0
8	24	40	42	83	131	179	226	233	251	255	0
17	39	55	66	81	123	144	158	159	170	196	206	219	226	233	243	0
8	22	39	146	155	184	189	197	206	218	235	254	0
10	31	40	42	59	60	83	114	148	151	195	199	200	223	0
7	29	34	36	61	75	114	135	147	165	223	256	0
5	10	26	36	48	50	52	55	79	81	94	104	115	126	147	150	230	233	253	254	0
33	60	70	79	86	88	102	119	133	145	163	175	178	201	208	224	243	0
10	25	42	48	57	62	72	80	98	103	111	122	132	148	166	222	224	233	0
3	9	20	34	45	50	102	109	141	158	192	217	218	228	248	0
106	107	108	119	130	162	172	180	206	208	216	234	241	0
23	42	67	80	86	110	112	140	147	159	169	170	174	178	181	189	211	224	229	249	0
17	19	28	63	123	148	174	176	199	203	221	236	249	0
22	49	61	65	69	111	232	0
6	9	58	74	90	93	95	141	182	222	236	0
19	31	50	65	85	101	103	104	111	116	123	136	163	166	171	178	183	185	208	226	229	233	248	255	256	0
7	16	27	36	62	80	86	87	88	104	116	121	134	139	150	173	181	183	192	211	229	230	233	240	242	253	255	0
5	34	59	86	93	95	102	106	118	144	147	163	170	175	191	236	0
70	75	82	164	193	208	210	248	251	0
61	90	96	127	142	158	162	186	189	209	213	227	240	0
3	4	56	72	75	77	92	95	96	112	119	132	160	168	198	223	226	246	254	0
5	9	16	20	22	40	75	83	128	158	203	241	0
6	23	42	64	66	67	73	104	114	130	131	136	142	165	170	171	173	189	199	216	225	227	228	238	0
9	14	27	73	77	90	129	133	137	152	172	177	195	205	207	227	228	229	0
59	65	87	95	109	172	176	217	219	225	246	252	0
29	42	48	57	84	116	121	131	141	152	158	161	176	211	223	0
17	30	47	57	61	70	129	216	229	247	253	256	0
6	20	61	66	74	88	89	90	111	148	150	176	183	186	197	206	211	236	0
4	163	179	189	205	206	219	243	250	255	256	0
40	43	65	78	107	164	170	173	194	204	206	244	256	0
23	46	50	99	104	111	123	125	128	175	183	203	224	251	253	0
13	17	18	27	100	101	108	170	171	179	199	230	235	0
5	10	28	49	69	70	75	85	90	124	164	203	206	211	237	0
30	88	122	127	134	144	146	150	186	187	208	229	242	0
1	81	92	127	136	171	208	225	241	248	0
2	37	67	93	108	145	167	172	173	182	221	0
26	36	38	55	57	61	63	70	71	89	150	176	211	216	219	224	0
3	56	68	91	97	100	115	135	144	180	197	203	208	215	241	250	0
11	50	67	102	132	140	142	153	164	190	204	217	227	256	0
3	12	40	143	154	157	163	193	203	206	219	221	0
13	18	33	70	115	130	147	200	201	207	209	242	243	0
4	8	33	36	56	123	133	140	174	176	196	199	214	218	221	233	250	0
17	34	44	45	57	67	85	99	106	121	160	204	235	241	244	247	0
19	27	35	44	46	51	71	73	76	89	104	117	119	145	169	201	216	226	227	248	256	0
10	16	53	73	84	87	111	136	168	170	197	205	210	225	242	245	250	0
6	39	80	107	120	127	136	142	147	154	156	169	182	184	186	187	198	204	207	230	251	0
12	24	29	46	47	64	66	88	90	120	140	147	156	159	178	189	193	196	212	254	0
15	98	121	135	148	149	160	173	191	198	240	246	247	249	251	0
2	9	80	141	147	154	160	172	194	211	231	234	236	0
9	12	14	37	62	79	83	93	101	111	114	136	137	166	180	184	196	225	0
11	23	24	26	44	71	78	85	106	118	132	142	155	187	189	200	202	0
3	13	29	52	55	63	76	78	80	102	105	137	149	150	152	161	166	191	0
4	10	18	28	41	62	111	148	188	190	206	211	215	230	242	0
8	10	16	20	32	50	69	102	103	105	108	132	136	140	171	184	188	190	201	202	234	0
27	34	38	43	57	58	74	84	98	126	153	156	215	0
15	16	18	19	20	47	52	96	135	162	174	182	183	191	200	210	214	254	0
1	4	32	72	85	91	103	105	109	119	136	141	187	195	243	246	0
15	35	43	52	66	73	86	139	160	170	180	196	201	213	223	0
10	16	32	73	140	141	152	155	180	210	229	240	254	0
5	10	47	48	67	69	80	85	108	116	128	170	174	178	194	207	219	245	0
27	55	59	66	86	99	107	140	210	217	225	251	253	0
3	35	66	144	152	158	170	206	254	0
28	29	45	52	73	94	102	124	158	170	175	181	201	248	0
3	6	11	42	53	89	95	177	178	192	198	214	222	229	235	0
12	20	27	43	73	106	128	136	144	147	153	171	175	193	194	195	220	233	0
3	66	85	86	92	108	109	113	163	177	178	254	0
14	18	29	61	85	106	142	172	176	180	194	197	210	215	228	248	0
9	12	22	23	40	46	65	123	134	141	188	200	220	245	254	0
31	43	55	67	80	99	102	106	109	143	164	171	189	194	200	204	237	240	256	0
2	41	47	56	92	106	108	154	173	184	189	191	193	198	214	224	232	242	247	0
8	39	45	48	66	79	107	113	129	148	181	189	201	213	233	240	0
32	33	45	50	52	81	83	97	103	107	119	127	166	171	174	182	209	241	0
25	32	68	87	107	113	115	122	128	152	162	169	191	215	222	248	0
16	32	48	56	64	87	145	170	172	188	194	230	234	0
34	54	55	65	70	72	78	124	129	137	147	156	166	235	249	0
3	11	24	35	42	57	74	84	129	165	175	180	192	193	214	221	226	239	0
36	54	60	88	102	111	132	165	168	178	182	187	195	206	209	237	0
7	30	45	56	102	120	175	178	217	245	0
2	8	9	33	38	54	55	70	80	110	137	146	155	157	162	164	209	213	232	0
12	30	34	51	53	58	89	92	101	115	121	154	163	167	170	193	211	214	228	232	237	244	256	0
23	52	61	62	63	70	81	116	124	125	148	153	169	219	225	230	0
5	21	25	27	40	44	56	90	98	116	123	127	128	135	152	153	154	157	164	177	186	201	229	233	248	252	0
6	9	10	16	63	89	111	119	148	165	170	184	228	235	0
12	15	32	33	34	36	63	122	132	135	140	143	158	159	162	234	251	0
1	38	44	51	54	59	70	78	85	116	121	125	144	165	196	201	203	211	255	0
3	12	27	32	44	60	61	65	68	86	90	105	112	120	143	169	180	183	185	191	224	234	243	251	0
11	12	25	78	81	96	97	102	114	136	141	150	152	157	161	173	177	204	209	224	229	234	243	249	0
1	8	15	30	45	51	56	65	87	92	93	98	106	110	123	171	221	232	234	0
1	16	39	65	72	91	92	101	144	182	195	203	233	240	256	0
12	58	82	109	111	114	119	166	180	188	194	200	204	216	220	230	248	249	0
9	10	22	42	78	98	102	123	162	177	179	191	197	245	256	0
4	14	19	32	63	69	92	117	135	147	151	161	168	214	253	0
8	16	32	45	48	83	86	106	120	134	149	163	185	202	234	238	0
2	18	23	27	32	36	66	86	94	111	120	128	134	166	219	220	233	0
5	20	22	23	36	38	39	66	68	77	127	149	153	161	164	184	205	218	226	238	244	0
30	38	43	48	51	74	79	87	189	192	214	218	0
12	20	27	34	35	67	89	94	112	137	160	164	166	200	212	223	234	254	0
2	8	15	45	57	69	133	139	188	197	0
40	43	53	59	64	95	102	103	129	130	145	150	182	221	238	239	242	0
12	26	29	36	132	133	136	155	161	194	210	211	225	228	244	245	255	0
20	34	69	77	89	107	147	149	159	169	174	185	205	224	243	247	250	0
32	59	89	126	127	140	145	168	200	219	237	0
2	7	21	37	47	49	72	99	144	147	148	163	168	240	241	0
10	28	49	50	56	64	92	134	147	148	191	204	207	224	234	236	241	0
10	40	73	90	93	100	105	114	116	136	140	141	148	151	158	183	188	206	211	240	0
2	15	29	55	59	61	72	87	89	105	131	141	156	170	177	198	205	214	236	243	0
1	62	97	173	239	241	243	250	253	0
6	40	78	110	138	194	203	204	212	240	0
1	6	12	26	60	67	72	99	110	115	126	127	131	133	140	141	166	189	195	206	213	218	235	238	245	250	0
9	17	22	31	33	54	64	91	93	99	122	135	173	178	198	208	210	211	212	217	221	228	239	240	244	252	0
14	18	54	74	78	125	128	156	167	188	199	207	233	241	254	0
3	10	12	14	18	21	23	30	52	59	74	96	99	102	105	108	137	139	142	152	173	228	230	253	0
6	20	81	108	111	121	157	193	201	204	226	242	0
1	25	35	42	58	61	64	116	147	217	219	223	233	247	0
12	14	17	49	64	73	75	88	94	114	200	223	231	234	242	247	0
21	26	38	88	103	120	141	144	172	183	193	195	213	227	229	232	234	248	0
13	50	57	61	87	103	104	110	112	117	135	146	159	162	167	196	227	228	231	235	0
6	38	102	116	119	141	158	165	169	177	194	223	237	239	0
5	38	39	41	67	88	97	112	119	127	132	153	165	181	210	211	225	230	231	246	0
6	14	25	32	46	48	62	78	84	99	154	167	204	219	224	234	253	0
7	26	29	46	47	49	70	71	91	116	169	184	192	202	215	224	233	249	0
4	12	17	29	37	43	102	106	122	145	149	172	181	243	0
21	26	33	76	77	78	79	101	151	167	172	194	225	238	239	0
30	53	111	120	134	140	143	159	168	187	191	197	206	214	240	0
4	21	24	35	55	61	75	102	114	118	119	136	137	172	199	211	214	245	0
2	34	37	44	63	71	76	79	95	101	109	153	162	166	169	225	231	233	254	0
21	49	58	59	64	71	73	75	81	89	118	126	143	155	170	172	185	208	210	256	0
12	39	54	73	102	149	206	234	254	0
6	7	32	60	75	90	92	103	131	141	151	155	185	216	231	236	244	0
3	19	27	37	68	74	77	113	117	124	128	131	145	171	180	183	186	190	192	221	235	250	252	0
6	24	34	40	43	98	107	124	126	140	141	153	209	224	0
9	12	18	22	60	66	69	91	118	130	140	151	153	154	163	168	193	204	213	215	251	0
