256
0
0
0
0
0
0
0
0
0
157	0
0
114	0
0
0
172	0
0
167	0
0
0
0
0
0
0
0
0
0
0
0
0
0
93	0
0
0
0
0
0
0
0
0
0
64	0
0
0
0
0
0
0
0
157	0
0
0
196	0
0
0
0
0
0
0
223	0
0
0
0
0
41	0
0
0
0
0
0
0
0
0
0
0
0
0
0
0
0
170	0
0
0
0
0
0
142	0
0
0
0
122	0
0
0
31	0
0
0
0
0
0
0
0
0
252	0
133	0
0
0
0
0
0
0
0
0
0
0
12	0
0
141	0
0
0
0
0
0
90	0
0
0
0
0
0
0
0
0
0
0
103	0
0
0
0
0
0
0
0
116	0
86	0
0
0
0
0
0
0
0
0
0
0
0
173	0
0
0
10	49	0
0
0
0
0
0
0
0
0
0
17	0
0
0
80	0
0
15	0
154	0
0
0
0
0
0
0
0
0
0
0
0
0
0
0
0
0
0
0
0
0
0
0
52	0
0
0
0
0
0
0
0
0
0
0
0
0
0
0
0
0
0
0
0
0
0
0
0
0
0
0
59	0
0
0
0
0
0
0
0
0
0
0
0
0
0
0
0
0
0
0
0
0
0
0
0
0
0
0
0
0
102	0
0
0
0
0
