32
7	12	18	20	21	23	24	25	27	30	32	0
3	9	16	18	23	26	0
2	5	8	14	15	21	23	25	28	0
5	7	10	13	17	23	24	0
3	4	8	14	16	19	27	32	0
18	27	28	30	0
1	4	8	11	19	21	22	26	32	0
3	5	7	11	13	24	25	28	29	31	32	0
2	11	16	21	22	23	26	28	30	0
4	13	18	19	22	25	0
7	8	9	12	16	17	19	22	25	27	28	0
1	11	16	17	19	25	28	0
4	8	10	15	18	19	22	24	26	28	31	0
3	5	15	19	0
3	13	14	16	19	25	27	0
2	5	9	11	12	15	19	22	26	31	0
4	11	12	19	24	0
1	2	6	10	13	24	30	0
5	7	10	11	12	13	14	15	16	17	22	0
1	22	30	31	0
1	3	7	9	25	28	31	32	0
7	9	10	11	13	16	19	20	24	26	28	32	0
1	2	3	4	9	28	30	32	0
1	4	8	13	17	18	22	30	0
1	3	8	10	11	12	15	21	26	30	0
2	7	9	13	16	22	25	0
1	5	6	11	15	29	31	0
3	6	8	9	11	12	13	21	22	23	0
8	27	32	0
1	6	9	18	20	23	24	25	32	0
8	13	16	20	21	27	32	0
1	5	7	8	21	22	23	29	30	31	0
