512
0
0
360	0
0
0
0
0
370	0
0
0
398	0
0
0
0
450	0
0
0
0
0
121	0
0
0
0
0
0
0
0
0
0
98	0
0
0
0
0
0
0
0
0
365	0
0
139	0
117	0
0
285	306	0
115	0
0
0
0
0
0
0
56	0
0
0
0
52	421	0
0
410	0
0
0
0
0
0
418	0
0
0
0
0
236	0
0
0
0
233	265	0
0
0
0
0
347	0
0
0
179	0
0
422	0
508	0
0
0
0
318	0
142	0
0
0
0
346	0
418	0
0
0
0
30	0
0
0
212	0
0
0
0
431	0
0
0
0
0
0
254	0
0
0
0
45	0
323	0
42	0
0
0
0
20	0
0
0
0
0
0
0
0
0
0
0
0
380	0
0
0
0
0
366	0
41	0
0
0
89	453	0
0
0
0
0
234	0
0
0
0
0
0
472	0
0
0
0
0
0
0
341	0
0
409	0
219	0
0
0
0
0
0
0
0
0
0
0
0
193	0
0
0
217	0
81	0
0
341	0
0
470	507	0
230	462	0
0
0
485	0
0
0
0
0
0
175	0
0
0
0
0
0
0
0
0
0
0
0
359	0
0
0
0
0
0
0
101	0
0
0
0
0
178	0
0
163	0
0
0
0
0
0
0
0
0
0
0
184	384	0
0
0
73	0
147	0
0
69	0
0
0
0
0
0
0
0
0
0
0
0
0
0
0
0
0
0
111	0
0
0
0
283	511	0
0
0
0
0
0
0
73	0
0
0
0
0
491	0
324	0
0
0
0
0
0
0
0
0
307	0
0
0
258	0
0
44	0
0
0
0
0
0
0
453	0
0
0
0
0
0
0
0
0
0
0
0
0
0
44	0
280	0
0
0
0
472	0
0
0
0
0
0
0
88	0
339	0
0
0
0
116	0
271	0
0
420	0
0
0
0
0
0
414	0
0
0
0
0
0
0
319	0
0
160	181	0
0
0
0
0
93	0
78	0
0
0
0
0
0
0
0
0
0
0
433	0
205	0
3	0
0
0
0
0
39	0
138	0
0
0
0
8	0
0
0
0
0
0
0
501	0
468	0
0
133	0
0
0
0
230	0
0
0
0
0
0
0
494	0
0
0
0
0
0
0
11	0
0
0
0
0
470	0
0
0
0
0
0
162	0
58	0
0
0
0
332	0
0
0
0
64	94	0
0
326	0
56	0
83	0
0
0
0
0
0
0
0
0
105	0
0
358	0
0
0
0
0
0
0
0
0
0
0
0
0
0
0
0
0
15	0
0
0
142	292	0
0
0
0
0
0
0
0
0
184	0
0
0
0
0
0
378	0
0
183	403	0
0
153	311	0
0
0
0
0
0
0
0
0
0
0
0
0
187	0
0
0
0
0
0
270	0
0
0
391	0
0
0
0
0
0
0
377	0
0
0
0
0
0
183	0
84	0
0
0
258	0
0
