512
0
0
0
0
0
0
0
370	0
0
0
398	0
0
0
0
0
0
0
0
0
0
0
0
0
0
0
0
0
0
0
98	0
0
0
0
0
0
0
0
0
365	0
0
0
0
0
0
0
0
0
0
0
0
0
0
0
0
0
0
0
0
0
0
0
0
0
0
0
0
0
0
236	0
0
0
0
0
0
0
0
0
0
0
0
0
0
0
508	0
0
0
0
318	0
0
0
0
0
0
418	0
0
0
0
30	0
0
0
0
0
0
0
0
0
0
0
0
0
0
0
0
0
0
0
0
0
0
0
0
0
0
0
0
0
0
0
0
0
0
0
0
0
0
0
0
0
0
0
0
0
0
0
0
0
0
0
0
0
0
0
0
0
0
0
0
0
0
341	0
0
0
0
0
0
0
0
0
0
0
0
0
0
0
0
0
0
0
0
0
0
0
470	0
0
0
0
0
0
0
0
0
0
0
0
0
0
0
0
0
0
0
0
0
0
0
0
0
0
0
0
0
0
0
0
0
0
0
0
0
0
0
0
0
0
0
0
0
0
0
0
0
0
0
0
0
69	0
0
0
0
0
0
0
0
0
0
0
0
0
0
0
0
0
0
0
0
0
0
0
0
0
0
0
0
0
0
0
0
0
0
491	0
0
0
0
0
0
0
0
0
0
307	0
0
0
0
0
0
0
0
0
0
0
0
0
0
0
0
0
0
0
0
0
0
0
0
0
0
0
280	0
0
0
0
472	0
0
0
0
0
0
0
88	0
0
0
0
0
0
0
0
420	0
0
0
0
0
0
0
0
0
0
0
0
0
0
0
160	0
0
0
0
0
0
0
0
0
0
0
0
0
0
0
0
0
0
0
0
0
0
0
0
39	0
0
0
0
0
8	0
0
0
0
0
0
0
0
468	0
0
0
0
0
0
0
0
0
0
0
0
0
494	0
0
0
0
0
0
0
11	0
0
0
0
0
0
0
0
0
0
0
0
0
0
0
0
0
0
0
0
94	0
0
326	0
0
0
0
0
0
0
0
0
0
0
0
0
0
0
0
0
0
0
0
0
0
0
0
0
0
0
0
0
0
0
0
0
0
0
0
0
0
0
0
0
0
0
0
0
0
0
0
378	0
0
183	0
0
311	0
0
0
0
0
0
0
0
0
0
0
0
0
0
0
0
0
0
0
270	0
0
0
391	0
0
0
0
0
0
0
0
0
0
0
0
0
0
84	0
0
0
0
0
