512
67	70	86	108	150	153	165	230	343	418	452	453	460	493	506	0
14	33	73	84	109	112	114	123	135	168	244	320	351	376	425	470	500	0
21	38	58	67	150	160	188	211	226	278	288	344	429	0
23	34	47	116	118	165	180	183	209	256	270	272	290	341	357	396	423	426	0
65	72	113	130	195	214	229	230	234	275	341	349	368	498	499	0
12	54	73	161	257	295	340	365	406	485	503	0
36	46	78	80	83	100	110	113	116	154	187	224	257	300	385	400	428	430	433	452	459	477	494	497	0
29	73	80	94	180	187	212	226	245	326	336	358	406	496	497	0
34	37	48	76	87	91	117	122	186	343	379	381	456	485	503	507	0
27	41	77	110	149	174	194	247	289	308	453	485	487	500	502	0
40	81	178	203	286	306	310	318	322	344	395	452	0
6	43	83	87	110	144	197	245	255	348	396	406	500	504	0
21	77	81	157	164	239	313	367	369	412	421	471	493	504	0
2	15	81	91	137	160	260	305	352	429	0
14	105	114	130	160	164	168	169	176	216	224	250	257	296	383	386	491	505	0
74	166	194	214	240	242	250	258	287	291	383	448	460	475	476	483	485	486	509	0
37	38	99	124	127	133	231	237	266	422	423	425	469	0
21	23	45	52	111	211	264	279	281	288	317	327	328	370	402	0
29	69	86	100	152	156	185	259	292	302	334	452	472	481	488	0
27	75	79	83	85	165	169	192	203	210	229	230	265	290	314	315	336	0
3	13	18	74	134	176	193	235	245	279	321	329	376	383	472	475	0
29	41	50	78	84	88	147	168	258	309	330	345	493	0
4	18	56	138	244	287	316	373	375	408	425	0
46	111	127	159	161	172	307	310	334	349	362	413	425	477	504	507	0
40	51	79	114	125	131	187	296	313	420	504	508	512	0
48	85	107	109	178	180	186	257	267	325	326	397	446	456	459	475	0
10	20	148	152	183	193	242	253	275	323	373	450	497	0
62	73	97	135	183	255	284	300	304	310	317	384	405	430	450	480	0
8	19	22	52	69	72	97	103	206	212	221	288	292	325	337	342	343	392	435	441	462	477	0
38	39	122	310	350	367	404	412	420	436	441	492	500	0
66	96	106	108	136	198	201	234	270	304	316	423	439	450	0
53	58	97	187	193	209	215	225	275	363	395	401	0
2	42	75	78	91	125	155	160	177	200	238	314	339	341	396	397	401	439	442	453	478	0
4	9	47	90	190	209	241	318	320	334	336	361	376	425	450	476	488	504	0
62	73	89	178	230	233	270	299	309	323	324	414	419	464	466	472	482	498	0
7	41	50	98	124	145	193	366	392	432	436	445	478	492	0
9	17	47	57	132	138	155	180	181	197	233	317	365	377	401	409	471	0
3	17	30	101	113	180	235	255	261	306	332	341	363	467	484	486	488	494	0
30	54	115	152	197	199	302	315	318	365	392	404	408	420	480	0
11	25	67	107	144	147	178	223	265	276	280	340	369	381	389	411	435	453	468	477	479	0
10	22	36	57	69	102	156	163	179	344	381	383	407	430	435	505	0
33	145	203	221	256	355	404	432	474	0
12	52	69	73	75	106	119	145	150	221	349	364	428	474	491	0
88	110	133	141	145	229	234	267	342	363	372	409	410	431	432	436	465	471	485	502	503	0
18	58	71	93	276	316	351	359	394	507	0
7	24	67	89	102	121	129	155	235	242	257	264	290	319	393	447	460	461	0
4	34	37	51	64	71	79	145	219	296	326	343	394	0
9	26	59	69	145	212	237	240	248	277	284	294	300	342	343	379	398	403	415	440	445	449	461	0
114	182	227	234	309	466	511	0
22	36	74	84	166	196	257	319	350	361	392	443	473	0
25	47	58	73	114	141	159	198	245	254	310	343	346	355	396	0
18	29	43	97	126	191	246	261	321	381	394	441	461	508	0
32	85	121	122	219	238	305	313	314	333	353	386	396	463	489	502	0
6	39	69	85	86	87	118	184	203	259	272	277	297	312	313	382	439	483	503	0
90	110	136	171	174	189	221	224	245	265	298	313	318	355	382	388	472	486	488	503	0
23	68	119	149	177	180	211	247	262	264	292	353	395	460	483	486	490	0
37	41	84	156	170	176	191	287	321	358	359	378	389	451	464	499	0
3	32	45	51	101	172	212	272	408	433	446	466	470	476	0
48	72	83	126	133	138	166	172	188	231	315	324	333	388	441	443	444	505	0
69	112	114	160	184	193	232	316	340	401	464	505	0
96	147	154	223	224	258	277	292	301	308	350	352	362	372	378	390	439	470	481	0
28	35	137	148	189	207	225	239	281	386	499	0
94	116	247	268	354	367	436	469	0
47	116	135	171	255	262	312	324	332	393	420	422	430	433	0
5	117	142	198	274	315	328	331	349	390	427	432	475	497	0
31	118	170	182	183	186	222	246	321	369	415	0
1	3	40	46	100	125	131	155	171	180	186	212	248	336	344	419	435	509	0
56	119	136	147	161	205	295	321	325	340	346	352	417	456	0
19	29	41	43	48	54	60	71	78	167	168	172	202	220	249	271	328	336	398	431	435	474	0
1	120	164	169	175	176	207	354	372	416	436	441	463	486	504	506	0
45	47	69	117	181	187	219	232	238	305	325	423	449	0
5	29	59	88	142	148	191	245	342	386	392	412	437	442	470	498	504	0
2	6	8	28	35	43	51	126	134	156	169	197	207	244	305	347	356	366	367	399	411	439	483	0
16	21	50	82	124	125	151	166	177	181	234	240	350	360	374	377	383	413	417	418	508	0
20	33	43	79	100	125	145	161	245	253	257	308	327	341	349	374	397	0
9	93	115	131	178	212	218	226	254	276	287	407	434	464	490	0
10	13	113	117	123	136	147	267	306	314	335	348	351	405	415	0
7	22	33	69	91	123	141	147	162	200	233	255	286	345	370	377	389	391	457	487	0
20	25	47	75	153	195	222	229	235	260	278	282	307	311	351	355	373	412	427	444	459	468	469	475	482	497	0
7	8	112	127	157	158	193	200	217	224	253	277	284	286	326	332	382	396	398	428	476	0
11	13	14	94	105	109	121	141	143	208	223	245	249	254	264	273	298	337	341	377	443	473	497	510	0
74	118	194	221	243	273	275	279	300	306	311	323	348	383	385	402	419	429	475	483	0
7	12	20	59	143	179	208	318	339	363	391	421	424	449	462	489	0
2	22	50	57	104	110	142	171	257	302	315	329	335	368	459	510	0
20	26	53	54	96	126	141	153	222	251	277	284	350	356	388	458	482	492	503	0
1	19	54	102	110	118	126	171	173	214	218	235	244	252	323	327	375	394	415	427	447	469	501	510	0
9	12	54	97	165	207	208	231	279	287	333	371	376	0
22	44	72	99	120	136	139	161	185	187	230	268	289	306	315	372	399	401	0
35	46	113	125	217	219	250	295	317	382	401	426	482	0
34	55	126	136	164	203	222	239	273	283	286	307	319	328	344	347	387	409	420	454	487	0
9	14	33	78	101	104	108	116	158	167	176	182	209	265	271	285	295	296	331	365	370	383	386	432	436	437	455	456	462	478	0
150	197	215	223	265	311	386	421	443	469	0
45	76	128	161	168	196	256	288	298	314	374	418	432	442	452	460	493	0
8	63	81	132	155	193	200	210	273	284	286	317	354	456	0
166	189	305	344	348	354	371	402	406	437	456	494	0
31	61	85	101	157	159	165	212	214	217	243	264	288	372	376	413	0
28	29	32	52	87	165	213	229	264	333	384	407	447	473	490	0
36	109	164	171	175	225	251	258	277	319	320	326	329	365	372	395	467	473	497	512	0
17	88	117	186	189	198	251	260	295	322	439	458	483	0
7	19	67	75	185	202	207	241	261	277	291	295	299	305	315	320	441	449	0
38	58	91	96	127	176	230	255	282	480	495	0
41	46	86	139	145	181	239	265	296	308	309	320	334	365	386	433	442	0
29	106	242	268	349	440	448	473	474	501	0
84	91	123	133	168	174	271	313	318	339	389	416	445	494	0
15	81	141	194	249	256	328	344	356	384	408	423	0
31	43	103	113	141	172	174	201	224	232	258	321	329	346	455	478	485	494	0
26	40	108	129	148	316	356	417	418	440	482	0
1	31	91	107	111	133	165	176	213	219	276	301	304	363	372	384	424	479	0
2	26	81	98	154	180	290	296	316	320	333	411	477	493	0
7	10	12	44	55	84	86	165	191	197	214	276	332	359	390	424	450	452	0
18	24	108	112	136	159	174	183	288	291	294	297	340	406	465	467	488	490	0
2	60	80	111	155	182	195	273	310	365	405	426	441	0
5	7	38	77	89	106	127	130	135	148	184	198	218	228	246	249	257	306	344	376	405	454	458	461	494	0
2	15	25	49	51	60	118	137	191	231	296	302	306	311	350	375	376	458	472	474	0
39	76	161	202	226	241	276	305	323	334	338	450	482	508	0
4	7	63	64	91	121	156	168	179	186	205	309	330	353	365	366	406	453	459	491	493	0
9	65	71	77	99	131	176	240	258	270	321	335	348	362	406	439	451	510	0
4	54	66	82	86	114	147	154	162	213	221	256	270	374	376	385	422	456	474	0
43	56	68	125	127	142	186	205	206	255	290	309	352	445	446	460	506	507	510	0
70	88	126	140	147	155	163	171	172	205	207	209	214	222	243	261	265	307	343	440	456	467	474	0
46	53	81	116	156	229	267	319	355	376	386	412	424	435	511	0
9	30	53	151	198	209	220	233	240	275	279	305	316	378	389	427	485	492	0
2	77	78	104	126	215	244	255	264	275	299	313	316	322	397	418	421	471	501	0
17	36	74	215	243	255	321	333	401	440	477	500	0
25	33	67	74	75	89	119	139	181	235	272	313	341	368	447	461	490	504	0
52	59	73	85	86	90	120	123	144	162	241	318	341	356	359	378	393	409	411	485	510	0
17	24	80	101	113	119	236	255	265	280	340	347	414	419	422	495	499	503	504	508	0
93	129	237	244	250	261	365	397	398	402	416	430	0
46	107	128	191	255	258	292	326	363	429	432	434	438	446	501	0
5	15	113	136	174	246	254	320	331	334	340	346	386	420	456	497	510	0
25	67	76	117	182	230	241	257	277	306	340	432	487	511	0
37	94	133	250	258	389	407	412	455	509	0
17	44	59	104	108	132	167	184	224	252	263	276	281	298	350	354	396	444	447	504	509	511	512	0
21	73	161	181	212	214	221	225	235	258	339	375	382	387	394	411	433	0
2	28	64	113	208	297	320	361	397	407	419	449	478	487	0
31	55	68	77	88	90	111	130	180	235	263	288	321	333	345	346	370	414	432	483	0
14	62	114	147	205	276	280	291	330	344	345	410	481	496	0
23	37	59	240	242	250	267	308	309	322	327	383	392	484	511	0
88	102	125	189	230	342	363	370	385	0
120	152	250	276	314	339	385	411	456	486	0
44	51	78	81	85	105	106	232	234	417	447	449	475	510	0
65	72	84	119	146	167	189	209	230	344	396	446	482	491	500	505	0
81	83	167	176	191	246	253	310	358	362	403	407	483	490	496	501	0
12	40	126	153	163	177	178	186	189	209	242	252	378	391	463	473	0
36	42	43	44	47	48	75	102	218	245	302	309	363	376	419	423	429	431	495	511	0
142	171	212	245	287	300	385	390	420	423	453	0
22	40	61	68	77	78	118	120	137	160	281	295	392	399	437	480	487	508	0
27	62	72	107	113	230	260	365	417	436	441	450	457	0
10	56	154	197	276	311	327	329	364	374	477	0
1	3	43	92	167	182	258	329	374	409	413	415	501	0
74	122	190	206	225	240	249	250	261	267	322	423	427	435	450	480	492	496	499	0
19	27	39	140	156	169	239	333	374	413	461	0
1	79	85	144	158	161	183	196	255	257	263	388	416	423	444	447	461	463	492	0
7	61	109	118	149	176	242	267	296	298	326	360	373	379	463	474	494	0
33	37	46	67	94	112	120	166	183	190	217	235	420	474	485	0
19	41	57	73	116	121	152	221	315	338	382	420	429	439	451	468	473	480	0
13	80	96	244	255	257	268	313	325	328	364	373	454	476	493	496	0
80	91	153	226	291	301	316	321	394	401	423	445	485	506	0
24	51	96	111	183	206	279	289	299	325	341	395	400	437	483	491	510	0
3	14	15	33	60	147	164	180	211	241	270	273	291	298	331	338	348	373	417	419	436	453	509	0
6	24	68	75	88	93	115	134	153	165	200	203	273	293	321	323	354	367	412	456	484	0
78	118	126	182	242	273	305	322	335	337	354	429	459	460	0
41	120	144	164	172	221	237	303	393	435	442	476	0
13	15	70	90	98	160	163	165	254	258	296	393	408	411	0
1	4	20	87	96	97	108	110	161	164	177	189	285	337	358	447	449	0
16	50	59	74	95	155	195	210	262	269	305	353	397	492	0
69	91	133	142	143	150	188	249	283	317	333	361	418	0
2	15	22	69	93	104	116	273	299	310	343	388	442	493	509	0
15	20	70	73	152	192	193	265	326	332	343	427	0
57	66	177	185	229	242	253	254	262	277	331	402	411	452	466	483	0
55	64	67	84	86	98	120	146	201	231	254	292	322	384	391	441	459	477	0
24	58	59	69	106	120	163	174	243	282	300	364	400	421	427	486	0
86	211	239	248	325	418	427	437	496	500	0
10	55	104	106	111	130	172	317	329	348	352	359	453	0
70	98	198	199	225	268	285	343	344	364	405	408	442	0
15	21	57	70	91	101	108	117	143	154	191	198	253	358	361	364	380	415	422	429	446	448	0
33	56	74	144	165	170	184	185	193	197	215	216	222	239	254	267	399	0
11	26	35	40	76	144	190	213	262	263	290	301	349	396	400	458	473	506	0
41	83	116	195	230	243	252	295	333	359	403	408	492	0
4	8	26	37	38	56	67	109	136	160	188	212	262	271	285	295	356	372	386	407	445	451	482	0
37	71	74	102	125	134	186	187	203	238	248	301	318	331	442	457	0
49	66	91	112	131	150	162	202	229	236	245	251	260	311	402	404	434	440	457	510	0
4	27	28	66	111	153	155	159	220	239	269	343	352	473	491	502	0
54	60	113	133	177	252	282	295	372	437	473	474	478	482	0
19	88	100	170	177	199	242	431	434	0
9	26	66	67	99	116	119	144	181	236	289	358	400	404	406	434	436	465	0
7	8	25	32	71	88	181	252	268	316	317	321	388	393	402	416	442	449	456	499	0
3	59	167	180	224	443	0
55	62	95	99	139	142	144	165	258	297	311	339	349	365	406	448	476	483	489	0
34	151	155	178	289	316	390	458	461	480	0
52	57	72	110	114	129	143	176	199	200	211	215	231	271	290	454	482	486	0
20	169	197	239	242	244	264	293	315	326	360	366	396	423	491	0
21	27	32	36	60	80	94	169	177	269	273	307	330	382	498	0
10	16	82	105	296	393	495	502	510	0
5	79	112	166	179	230	256	265	268	366	380	425	486	487	507	511	0
50	93	153	224	269	272	319	358	465	495	0
12	37	39	73	92	110	149	177	192	305	355	380	399	436	470	0
31	51	65	99	113	122	175	176	247	287	288	353	363	364	392	427	429	456	460	498	0
39	175	185	191	239	260	286	288	302	322	343	361	401	481	0
33	78	80	94	161	191	263	284	322	353	369	378	415	416	442	452	0
31	106	171	254	263	288	320	354	402	439	0
69	100	115	182	255	270	291	353	360	478	491	493	0
11	20	42	54	90	161	181	230	281	303	362	414	426	431	432	446	455	456	467	0
232	241	247	249	286	354	381	385	387	405	421	462	0
68	116	119	120	137	209	210	228	266	289	299	304	316	364	371	377	431	465	481	0
29	119	151	159	209	248	315	378	393	468	474	503	508	0
62	70	73	87	100	120	284	304	352	377	0
81	83	87	135	259	266	282	283	296	315	338	374	380	384	419	432	451	474	489	499	0
4	32	34	91	120	122	142	144	205	206	240	273	274	315	325	443	456	479	0
20	94	166	205	213	214	217	305	318	333	378	381	382	428	430	450	454	459	465	506	507	0
3	18	56	160	173	191	254	287	301	323	349	406	418	445	464	0
8	29	48	58	67	76	96	134	146	180	245	291	295	346	380	381	394	401	448	457	458	476	0
97	108	118	178	210	223	350	410	446	447	467	472	484	0
5	16	86	96	110	120	134	210	270	271	273	299	304	348	363	374	403	418	451	492	495	507	0
32	92	123	124	177	191	224	244	304	332	366	426	471	0
15	177	248	347	386	403	405	408	417	418	459	464	0
80	89	96	155	210	265	286	325	386	396	448	457	462	509	0
76	86	113	145	247	254	276	290	300	301	425	466	489	495	510	0
47	53	71	89	108	270	274	333	357	360	390	447	461	483	493	0
69	122	183	241	254	257	274	298	349	377	404	472	475	491	0
29	42	43	55	82	118	134	156	163	251	257	327	342	390	441	510	0
66	79	85	90	120	177	223	238	311	338	348	383	397	440	449	458	0
40	61	81	92	213	222	247	253	262	266	274	286	335	336	483	490	508	512	0
7	15	55	61	80	106	133	188	196	215	240	268	270	310	317	328	419	423	0
32	62	98	134	151	175	246	299	335	342	346	372	376	421	472	474	0
3	8	76	115	158	241	257	260	298	398	479	491	496	510	0
49	238	240	243	296	335	393	0
113	205	347	375	387	430	473	491	504	0
5	20	44	79	97	121	170	182	242	243	330	382	467	474	495	0
1	5	20	35	88	101	131	139	142	148	179	195	203	257	287	289	354	382	406	421	422	483	0
17	59	87	114	171	191	241	252	324	332	432	444	486	504	508	0
60	71	106	141	204	266	330	416	420	424	493	496	501	0
35	37	78	122	234	248	280	330	337	353	354	366	395	486	0
5	31	44	49	74	141	233	240	245	254	320	397	404	454	0
21	38	46	79	86	125	134	136	155	268	273	276	278	322	323	391	408	481	0
127	182	186	274	275	288	308	367	445	471	487	0
17	48	128	163	393	426	498	503	0
33	53	71	181	222	227	274	346	355	365	392	428	431	453	500	0
13	62	90	102	152	173	177	183	192	199	293	299	368	380	426	461	496	501	506	0
16	48	74	117	122	138	151	209	224	227	234	249	371	425	441	444	483	501	0
34	100	115	126	131	160	204	220	226	231	273	343	0
16	27	46	103	138	144	154	162	170	185	192	229	278	282	339	356	396	443	491	510	0
82	96	120	124	172	179	227	229	248	353	374	449	475	0
2	23	73	86	123	128	157	192	215	326	0
8	12	21	51	55	72	75	81	145	146	182	212	234	274	285	295	393	395	439	451	501	0
52	66	113	130	143	225	255	263	296	311	330	339	344	405	433	0
10	56	63	198	204	218	223	252	327	377	405	427	456	484	0
48	67	173	181	206	216	233	243	360	384	422	441	458	475	478	511	0
69	81	105	113	151	167	204	240	261	281	282	299	314	317	335	380	394	420	471	0
15	16	89	128	132	138	140	151	394	408	474	493	497	0
85	98	99	182	221	282	325	348	459	468	0
86	133	144	179	184	187	231	247	357	388	440	0
27	75	80	143	170	176	223	273	351	375	387	430	482	511	0
51	76	81	130	164	170	171	177	201	211	218	220	234	270	278	310	339	347	389	394	414	442	468	486	496	0
12	28	38	64	78	101	119	123	124	127	129	153	157	202	246	269	317	349	355	361	392	399	426	451	0
4	42	93	105	118	195	263	347	350	371	410	439	479	501	0
6	7	15	26	46	50	75	84	113	131	153	157	220	221	226	230	263	264	287	293	306	359	373	471	493	0
16	22	61	98	106	117	129	132	134	150	164	189	260	262	295	313	347	361	372	431	461	0
19	54	208	292	302	308	334	383	461	473	0
14	79	99	148	182	199	226	258	317	318	367	369	373	374	415	439	451	473	475	488	0
38	52	100	120	128	151	249	262	275	311	360	424	435	460	462	487	0
56	64	166	170	178	180	223	258	261	283	301	417	426	432	439	459	474	477	487	496	0
133	136	153	178	200	201	246	256	257	288	322	369	383	386	387	404	492	494	509	512	0
18	46	56	81	96	97	123	192	257	265	277	306	367	405	0
20	40	55	91	92	102	120	127	169	195	217	264	273	342	349	381	399	436	441	451	495	502	0
17	205	208	223	232	276	298	311	384	420	449	495	504	0
26	44	77	121	138	151	154	177	268	310	319	390	438	443	473	485	492	0
63	88	103	157	175	187	195	224	235	267	282	327	330	362	369	441	505	511	0
166	183	193	196	255	302	305	313	328	352	499	0
4	31	35	117	118	160	202	214	219	224	254	283	350	376	379	381	408	414	422	444	492	0
69	91	104	180	191	214	331	353	413	444	469	480	486	501	0
4	54	58	125	196	321	330	440	482	495	0
81	82	90	94	112	160	161	162	168	193	209	214	235	241	253	265	275	316	328	414	454	511	0
65	209	219	220	223	236	238	245	316	355	377	459	0
5	27	32	82	122	123	236	261	273	302	326	337	390	414	451	473	0
40	45	76	108	110	115	133	137	140	149	218	235	266	283	330	338	361	495	498	0
48	54	61	80	85	98	100	131	170	264	334	350	402	417	427	435	441	497	0
3	79	235	242	254	294	308	309	332	346	389	392	467	475	0
18	21	82	87	122	159	329	336	352	354	360	379	435	481	482	500	0
40	127	137	233	288	379	433	493	0
18	62	133	147	203	249	358	423	448	458	498	0
79	101	172	184	208	242	249	251	268	326	347	350	357	442	497	499	0
90	167	208	262	270	276	295	308	372	421	429	437	0
28	48	80	85	94	200	207	335	344	353	449	480	483	502	0
91	165	175	180	245	315	319	339	356	365	406	425	431	448	463	480	508	0
11	78	80	90	94	199	204	217	223	353	456	504	0
16	23	57	76	87	146	198	211	230	257	304	424	452	0
3	18	29	93	96	111	136	198	199	201	236	263	280	371	400	406	418	429	445	456	476	479	489	493	0
10	88	159	186	190	205	230	333	338	360	414	468	0
4	20	46	109	119	178	191	218	295	314	326	343	366	374	422	492	498	503	0
16	100	111	137	158	160	202	212	323	355	360	396	477	0
19	29	56	61	129	171	259	295	298	351	354	467	0
161	192	239	257	305	335	433	454	476	0
48	111	278	301	310	338	0
6	68	89	91	99	100	147	179	180	184	212	245	258	283	290	292	305	362	380	394	401	404	0
15	25	47	91	102	109	114	154	164	194	208	227	246	342	349	360	382	393	409	412	469	496	502	0
54	111	135	189	304	314	337	359	360	399	422	423	445	460	462	487	0
55	81	93	133	154	160	220	226	266	292	404	464	472	484	497	0
35	100	123	159	168	205	214	225	239	249	341	352	390	427	498	512	0
7	28	48	82	146	172	218	317	351	424	442	447	0
61	108	158	178	181	211	218	262	294	313	326	357	370	465	466	0
19	39	84	114	145	199	259	269	275	308	408	429	0
163	203	314	342	356	359	363	388	401	408	420	440	493	496	0
28	31	108	205	207	214	215	287	297	306	349	357	360	376	439	484	505	0
14	53	71	73	95	100	115	122	162	166	197	210	269	293	295	329	340	355	365	377	428	434	496	501	0
11	38	77	82	88	113	114	131	257	264	304	327	393	426	467	509	0
24	79	90	120	193	312	373	382	439	495	501	0
10	61	75	102	138	236	259	278	283	302	314	326	329	351	401	425	441	448	451	479	499	0
22	35	49	102	116	119	138	145	278	326	331	344	353	396	406	409	506	0
11	24	28	30	51	112	143	168	224	254	267	294	338	365	385	393	415	421	427	439	455	495	509	0
79	82	92	114	149	182	189	222	246	261	266	323	348	363	368	454	460	468	475	486	0
54	64	307	317	380	385	429	443	460	511	512	0
13	25	53	54	55	104	123	125	157	258	269	301	314	315	319	364	378	427	436	465	482	0
20	33	53	77	93	140	249	290	297	303	308	313	316	348	408	414	0
20	39	59	65	84	88	100	156	192	206	208	209	285	313	336	340	443	458	460	0
23	31	45	60	107	109	122	123	158	187	190	205	273	274	314	381	403	409	471	475	478	486	511	0
18	28	37	89	94	167	174	187	224	249	255	260	300	312	350	351	364	437	470	0
11	34	39	55	83	104	126	181	210	260	322	344	359	384	397	466	486	496	0
46	50	90	98	121	196	267	285	313	341	411	439	487	493	0
2	34	98	100	102	109	130	135	201	234	348	361	374	399	402	432	445	460	495	0
21	52	57	66	68	106	117	124	136	158	161	187	272	351	452	463	478	0
11	99	123	138	151	162	171	199	200	235	263	318	350	352	377	389	390	403	486	498	0
27	35	82	86	115	161	211	235	291	311	342	356	365	435	480	0
35	59	64	231	329	337	341	342	368	370	371	426	442	448	496	0
26	29	68	71	157	159	173	209	217	251	393	415	431	465	466	485	488	0
8	26	47	80	98	129	154	169	192	244	275	282	290	301	308	309	342	351	355	357	381	392	409	412	419	444	469	512	0
18	75	86	138	149	221	247	268	306	337	353	450	451	497	0
18	65	69	90	105	157	224	269	273	423	428	440	502	0
21	84	98	106	149	150	174	279	305	308	324	335	353	378	397	408	416	425	442	443	487	501	511	0
22	116	137	193	229	232	233	246	268	272	276	342	343	361	425	493	0
65	91	130	160	170	181	271	309	378	390	465	511	0
38	64	80	110	169	215	231	278	338	359	391	397	407	457	460	500	510	0
53	59	87	97	109	124	136	152	167	179	210	219	289	382	400	441	456	458	466	0
19	24	34	102	115	130	259	277	381	419	420	431	440	463	476	0
77	84	117	162	223	225	227	249	284	293	329	430	437	479	489	0
8	20	34	67	69	223	279	315	358	386	408	422	443	463	464	478	0
29	81	162	165	233	275	297	324	327	390	444	463	500	0
115	156	160	208	222	276	289	294	310	332	366	381	382	388	499	503	0
33	83	104	134	140	189	242	246	254	285	383	406	415	447	470	0
6	40	60	68	111	127	130	131	305	315	382	407	461	473	0
4	5	33	38	75	81	125	126	159	299	319	324	403	432	457	476	498	0
29	44	48	72	139	221	225	265	296	303	323	324	326	330	357	471	0
1	9	29	47	48	51	120	168	169	175	183	199	241	290	330	357	363	382	426	506	0
3	11	41	67	90	95	105	113	137	142	175	246	284	309	318	359	381	443	489	502	0
22	78	136	137	368	414	422	480	506	0
51	68	106	130	136	212	225	238	278	355	381	401	415	455	463	479	503	0
73	90	127	216	228	254	256	258	282	354	376	439	455	0
12	77	82	95	117	160	174	214	222	251	311	314	320	393	399	411	416	425	452	0
5	24	43	65	75	103	178	189	211	220	255	265	296	304	444	445	457	462	512	0
30	50	61	74	85	114	133	213	256	270	277	282	317	322	509	0
2	45	77	79	253	292	300	308	317	321	326	394	425	464	475	491	0
14	61	68	119	174	183	207	269	279	299	322	381	399	400	434	447	508	0
53	56	116	166	198	200	202	233	243	271	284	286	309	327	329	376	387	393	408	425	466	510	0
63	70	94	95	133	161	162	201	204	230	233	279	292	347	365	401	413	433	447	488	0
42	51	55	79	121	197	238	255	274	291	305	326	346	360	393	422	441	445	484	0
73	85	105	107	126	180	242	285	303	323	368	384	406	464	477	0
4	219	252	282	301	304	326	342	343	375	407	498	501	0
8	57	143	165	176	186	196	281	336	393	402	446	0
45	57	110	126	174	179	257	297	303	318	332	344	382	412	479	487	0
74	154	192	202	219	248	261	279	289	291	296	297	304	355	368	408	411	417	427	445	460	467	0
34	50	135	167	176	199	255	258	276	320	330	366	377	393	494	0
24	61	117	143	203	268	295	451	479	492	495	0
32	38	44	83	108	129	139	145	198	214	303	311	343	370	371	407	489	507	0
43	149	157	172	175	176	198	205	313	317	377	420	429	458	461	0
6	37	39	91	98	102	112	116	128	148	189	238	285	305	310	323	354	377	402	405	0
36	73	116	192	195	215	233	290	338	361	380	421	436	511	0
13	30	63	73	161	236	260	264	403	404	451	455	462	0
5	84	125	239	311	324	345	356	360	392	396	420	478	0
13	40	66	200	260	263	268	457	472	0
18	78	91	136	139	301	324	363	402	441	480	485	493	0
87	95	205	240	256	288	324	363	381	434	443	462	0
44	61	70	88	96	98	108	180	184	225	258	283	380	411	475	499	507	0
23	27	79	154	157	160	257	260	307	409	411	434	504	0
74	75	93	118	149	150	152	208	214	243	260	290	320	399	410	456	477	0
23	86	114	134	228	253	357	410	416	438	0
2	21	34	87	96	113	114	118	121	145	225	270	304	347	353	387	439	455	472	0
37	74	78	81	205	207	220	247	274	305	322	361	364	365	401	478	487	501	509	0
57	61	122	126	144	200	206	210	313	329	331	393	413	453	463	0
9	48	154	270	279	280	511	0
176	195	197	208	212	239	249	295	312	366	372	415	471	478	481	504	0
9	40	41	52	204	210	212	265	270	316	326	334	338	344	346	352	371	429	477	504	508	0
54	55	80	89	134	156	193	210	229	230	296	307	333	338	340	343	359	426	441	465	0
15	16	21	41	74	82	91	138	222	259	263	339	410	0
28	97	105	108	171	208	248	266	318	356	425	479	487	0
7	82	118	139	140	146	204	310	312	404	442	508	509	0
15	53	62	72	91	92	102	121	130	180	216	217	263	336	407	512	0
90	134	204	228	253	263	353	376	429	435	462	464	506	0
55	59	85	153	168	187	252	303	338	397	407	412	447	0
40	57	78	104	122	132	254	278	322	444	454	465	488	502	510	0
61	65	110	146	190	219	221	267	275	299	322	331	337	392	398	411	421	444	0
78	83	144	171	235	332	482	0
29	36	39	50	72	138	147	198	238	255	278	326	368	390	393	406	456	458	465	512	0
46	64	126	163	164	187	194	206	227	237	245	296	306	310	325	348	353	355	358	361	378	392	468	472	483	0
45	47	52	86	134	158	212	249	250	254	295	351	439	503	0
11	32	56	98	159	233	245	468	0
4	12	33	51	53	80	133	142	178	192	217	242	291	309	368	445	0
26	33	75	123	128	135	166	222	234	318	329	332	388	401	417	430	434	445	451	488	500	0
48	69	80	128	226	390	411	476	0
73	88	147	177	197	255	265	297	320	348	352	374	400	409	479	495	505	0
7	159	172	178	186	288	333	352	399	446	463	488	0
32	33	37	60	88	89	124	158	199	212	295	303	308	346	354	377	397	416	440	473	501	0
18	82	95	128	170	182	187	201	277	320	358	365	370	423	443	463	469	481	505	507	0
48	143	179	214	216	316	322	341	367	421	445	473	0
30	39	42	182	186	220	234	263	295	298	367	385	405	448	480	485	495	496	0
28	77	112	113	175	204	216	246	247	264	365	404	450	507	0
6	8	12	95	111	116	117	186	189	211	230	285	288	309	339	356	392	469	486	0
41	76	97	132	135	143	180	332	340	357	363	386	388	410	446	447	0
23	39	58	105	164	175	179	216	235	250	270	302	303	314	329	336	353	360	451	482	493	0
37	44	90	126	150	296	309	316	326	373	399	410	426	427	439	443	493	500	0
44	137	213	256	374	375	383	407	409	456	457	0
40	73	109	126	134	140	164	170	319	348	360	372	373	390	398	434	446	485	488	489	0
13	30	72	79	121	132	161	296	326	359	388	424	438	468	480	0
24	74	96	150	152	271	354	378	438	447	462	491	498	0
35	127	136	203	254	270	273	275	289	314	345	417	432	437	442	506	0
48	66	77	86	150	176	200	260	310	325	339	346	380	416	427	431	481	504	511	0
70	104	128	153	187	200	232	329	348	375	401	415	446	478	479	0
68	74	107	141	148	160	216	262	277	360	397	414	420	493	511	0
1	74	93	107	123	167	173	211	214	216	288	434	477	488	497	0
35	67	82	127	135	145	160	208	224	326	334	460	463	485	487	0
25	30	39	64	90	130	146	155	156	232	249	266	303	334	364	368	417	434	436	458	459	507	0
13	83	92	123	172	204	225	230	283	310	366	390	403	422	431	464	480	0
17	64	118	127	176	230	248	270	290	297	336	345	355	421	440	451	462	500	0
4	17	31	71	105	145	146	151	153	158	192	224	281	297	328	402	461	465	471	503	0
83	108	110	121	232	261	287	300	412	455	0
2	17	23	24	34	195	218	240	285	308	329	330	348	351	353	384	428	452	507	510	0
4	89	112	203	215	237	239	255	262	306	324	343	382	409	491	0
65	79	86	122	151	169	172	173	198	247	277	299	310	313	360	409	415	429	441	448	454	462	472	506	0
7	43	80	210	238	305	328	425	449	510	0
3	14	82	129	145	156	162	176	198	283	288	302	312	364	381	387	427	430	439	448	490	502	0
7	28	41	64	128	210	228	253	335	397	429	444	0
44	69	145	185	203	205	238	258	285	325	334	415	421	438	484	0
36	42	44	65	91	93	129	131	136	203	208	231	262	320	341	414	450	459	495	0
7	58	64	102	134	246	280	293	354	483	0
76	129	182	185	186	305	352	371	373	397	411	418	420	436	458	483	492	503	0
29	40	41	67	69	121	151	163	261	277	279	323	387	493	0
30	36	44	63	70	91	148	160	186	197	265	313	366	420	434	438	443	457	493	0
72	91	95	147	159	173	184	283	317	335	414	446	473	484	495	496	0
129	267	375	412	413	431	436	495	498	0
31	33	54	61	73	99	117	156	201	245	256	260	262	304	307	310	319	347	376	394	409	429	455	491	0
48	103	107	120	124	182	222	252	272	303	328	334	401	422	454	493	0
29	30	52	59	70	100	112	148	171	221	240	248	265	268	277	308	333	355	370	382	427	487	0
33	72	93	102	163	168	175	181	187	200	254	282	300	324	329	385	414	447	501	0
50	59	81	92	188	209	242	267	312	315	329	336	344	371	402	409	436	453	455	464	496	0
59	79	133	153	231	240	270	271	326	337	349	389	390	430	458	502	0
36	48	104	119	158	180	211	236	288	297	320	349	355	360	396	397	403	457	508	0
26	58	119	129	142	176	203	213	358	400	407	411	416	437	464	506	0
46	86	97	125	133	141	153	165	213	219	300	339	352	354	388	407	413	442	476	505	0
16	103	176	189	212	217	281	285	308	324	404	427	429	451	461	490	0
48	71	83	100	135	141	165	187	222	243	266	284	428	490	0
27	28	31	34	110	115	148	151	210	327	405	432	471	0
57	117	156	180	208	214	245	255	260	265	275	308	327	362	367	397	408	422	448	463	466	0
1	7	11	19	93	110	170	200	287	321	348	425	482	0
1	10	33	40	116	146	160	174	238	378	443	0
90	113	157	191	210	234	273	293	311	389	427	440	510	0
91	106	132	203	310	346	347	367	376	424	439	443	485	0
9	26	68	91	94	95	118	120	130	140	161	187	198	203	209	247	286	288	333	374	392	410	461	496	0
78	148	181	182	212	217	332	341	349	369	410	436	445	506	0
85	99	113	114	178	190	212	222	248	281	315	333	364	392	420	434	444	471	474	0
7	26	79	84	116	162	171	210	216	251	262	274	420	432	469	496	0
1	16	46	56	93	119	162	198	261	297	311	312	315	320	332	360	419	461	473	475	477	0
46	48	52	113	125	152	153	190	219	239	258	259	340	364	423	448	456	460	508	0
29	83	91	204	217	261	297	349	367	371	387	413	422	427	501	0
53	70	144	153	154	285	321	334	336	337	346	378	400	402	419	451	464	504	0
35	57	60	76	211	216	298	336	351	356	387	421	443	446	463	491	505	0
44	111	186	196	205	210	301	313	325	331	382	389	392	423	482	485	0
35	49	58	170	218	301	318	325	333	353	451	471	489	499	0
38	98	111	120	203	213	229	278	292	306	360	480	0
40	79	156	206	251	254	289	311	393	395	412	493	0
17	63	79	86	92	271	296	326	402	406	459	0
2	58	61	72	197	317	339	0
13	37	44	123	215	236	249	257	316	342	380	423	450	458	466	474	510	0
19	21	35	55	114	213	220	225	298	369	376	393	427	490	510	0
50	81	97	98	103	144	156	178	183	184	228	259	260	267	275	340	401	403	437	460	489	0
42	43	69	103	114	118	120	154	155	184	206	208	225	229	250	262	458	471	0
16	21	26	65	79	82	141	220	243	248	260	278	311	316	351	372	460	505	0
16	34	58	80	157	163	189	212	288	293	334	341	398	447	481	506	0
7	24	29	40	109	124	149	171	262	291	356	374	381	418	460	0
33	36	91	106	135	184	202	248	316	321	336	368	377	380	416	480	0
40	108	209	226	256	288	308	335	346	359	362	384	399	416	510	0
28	39	101	147	151	156	190	271	284	285	323	345	370	404	412	421	467	478	483	501	0
19	61	137	199	205	235	279	380	402	415	476	493	0
35	79	85	89	107	115	142	180	184	191	253	272	279	313	391	408	452	465	499	509	512	0
16	54	56	73	82	99	136	143	159	170	189	219	223	230	240	284	393	433	434	480	491	511	0
38	138	161	213	247	298	304	355	431	437	0
6	9	10	16	44	106	122	126	155	158	267	325	370	404	411	419	455	465	488	0
16	38	55	56	70	140	172	191	195	231	233	254	271	311	316	318	322	406	493	0
10	78	90	131	135	147	195	236	261	262	297	319	329	359	377	384	419	441	0
19	34	38	55	111	260	325	354	389	397	400	411	418	485	510	511	0
53	83	189	208	218	288	335	344	363	411	466	473	0
56	76	97	111	125	143	223	429	448	449	472	0
15	43	116	142	159	183	192	202	220	226	228	242	351	413	426	439	464	483	500	0
30	36	85	122	151	153	166	179	214	263	267	270	290	362	434	0
1	13	22	93	109	116	157	168	202	219	232	250	257	280	288	303	319	330	370	408	409	417	435	436	440	468	481	486	0
7	38	95	104	106	113	154	263	361	0
101	127	145	194	196	214	218	229	265	266	272	276	307	310	320	362	399	404	432	437	438	0
8	137	143	151	157	173	226	232	239	254	262	296	303	305	318	324	404	437	443	456	459	0
7	8	27	65	79	81	98	130	250	277	282	298	327	418	502	507	0
5	35	72	193	198	237	276	281	290	299	322	341	357	413	438	0
5	57	62	127	151	187	208	269	282	308	338	372	466	482	0
2	10	12	30	124	142	173	238	279	332	337	397	409	422	491	504	0
86	103	123	129	143	150	232	239	240	245	256	271	305	307	329	357	377	401	442	462	480	503	0
10	44	53	183	194	265	284	296	328	344	389	429	444	497	0
6	9	44	54	55	85	127	206	237	290	338	346	394	423	434	501	511	0
12	13	24	25	34	70	72	125	127	133	228	231	266	286	373	380	381	415	463	500	0
15	41	59	60	142	268	304	399	402	447	464	475	506	0
1	70	119	158	178	210	239	309	343	345	387	414	427	446	457	476	505	0
9	24	45	119	195	210	214	363	372	402	405	420	425	497	0
25	52	74	115	127	147	206	223	231	285	352	381	385	445	461	0
16	67	132	133	160	168	217	263	306	310	350	377	385	482	0
81	84	86	117	119	126	130	141	159	182	194	218	221	226	242	332	353	389	425	428	454	471	472	479	488	512	0
49	121	131	133	138	145	195	248	253	268	273	312	316	329	331	366	379	415	417	483	488	503	0
25	98	133	223	263	299	312	326	349	386	392	482	510	0
