512
5	49	51	223	327	438	457	490	495	0
124	322	329	424	429	444	0
149	168	249	291	360	367	444	461	0
281	306	324	471	0
1	106	361	405	408	442	509	0
11	50	51	153	196	237	374	0
22	25	42	109	118	139	154	245	268	319	423	437	0
40	71	92	258	282	292	360	370	0
158	184	219	220	243	363	395	406	460	483	0
51	56	129	131	199	495	0
6	163	180	193	303	398	0
96	191	351	458	463	0
33	45	212	290	335	394	0
36	185	270	286	290	335	469	0
386	414	450	454	505	0
253	259	331	461	0
32	120	271	307	0
107	109	184	213	235	237	271	354	407	420	497	0
41	47	49	63	180	225	286	372	392	0
121	165	269	346	406	420	423	467	480	0
102	159	290	292	314	369	466	0
7	69	73	185	206	207	211	226	295	373	419	0
160	485	0
113	116	148	265	348	0
7	173	193	225	230	237	249	261	283	480	0
61	66	82	96	225	368	394	417	427	448	0
74	146	168	321	324	352	414	417	448	450	497	509	0
204	232	258	261	486	0
92	121	210	373	402	491	0
35	98	172	180	190	192	386	0
118	128	217	292	386	429	430	0
17	40	55	150	184	223	230	258	274	290	350	351	0
13	34	133	179	224	274	355	406	467	478	493	0
33	214	318	370	434	435	461	0
30	87	186	237	249	303	485	0
14	217	260	329	333	350	359	472	0
79	159	194	244	262	385	461	507	0
42	77	204	352	357	359	371	0
89	154	155	166	190	314	345	348	365	0
8	32	54	300	0
19	59	122	129	139	237	359	464	466	0
7	38	59	93	100	104	117	194	203	215	228	241	265	301	404	471	512	0
47	62	74	80	192	199	503	0
90	101	150	245	263	285	292	306	334	398	434	488	0
13	115	384	399	424	0
51	103	154	177	190	238	256	257	0
19	43	91	110	219	397	492	501	0
110	178	242	0
1	19	58	290	421	503	0
6	97	129	134	183	239	266	284	396	439	0
1	6	10	46	75	132	149	207	292	321	355	364	0
56	193	198	215	249	353	360	374	416	445	506	0
67	126	137	244	246	254	281	330	371	400	449	456	481	0
40	373	431	511	0
32	82	125	158	294	316	357	424	452	0
10	52	159	170	188	206	236	249	274	280	284	302	348	360	392	395	421	454	0
79	119	146	193	421	478	0
49	73	153	163	288	379	396	410	446	0
41	42	66	87	200	291	379	399	497	0
151	223	244	370	410	484	487	0
26	66	171	211	244	278	322	382	386	388	398	467	473	0
43	236	258	263	267	277	407	416	0
19	109	186	196	251	292	500	0
167	197	307	317	344	418	489	0
157	231	274	283	392	486	0
26	59	61	118	139	158	187	189	198	399	0
53	174	220	223	249	267	348	386	488	0
194	285	327	335	383	397	0
22	89	121	158	236	270	426	479	0
219	291	342	385	484	0
8	119	153	167	188	250	402	0
130	183	256	331	374	400	408	409	443	0
22	58	77	98	168	233	259	265	358	0
27	43	82	153	300	345	412	431	461	0
51	108	114	187	192	253	408	437	438	0
84	293	358	406	411	495	510	0
38	73	81	114	281	290	0
100	139	273	287	316	347	351	377	390	489	0
37	57	224	364	414	503	0
43	99	202	287	387	428	0
77	179	312	362	368	383	421	452	0
26	55	74	154	204	208	286	422	0
114	126	259	266	297	372	395	422	0
76	91	197	204	270	300	305	496	508	0
135	364	365	367	420	0
94	112	171	183	184	201	210	227	261	272	276	424	0
35	59	149	183	311	324	340	367	378	442	497	0
101	107	191	192	255	318	370	406	0
39	69	123	142	173	209	474	0
44	135	404	411	444	508	0
47	84	214	222	403	0
8	29	115	151	160	228	318	323	343	355	364	469	478	0
42	111	331	346	394	403	0
86	106	224	289	331	388	418	502	0
102	145	290	300	365	467	0
12	26	115	202	326	348	355	379	0
50	147	471	473	500	0
30	73	101	160	0
80	201	209	261	326	447	0
42	78	136	326	372	504	0
44	88	98	127	135	191	212	307	363	502	509	0
21	95	137	159	170	274	298	506	512	0
46	196	264	272	278	419	0
42	123	130	257	295	391	504	0
214	257	375	419	431	0
5	94	135	220	242	271	357	478	0
18	88	129	142	195	247	349	352	373	414	510	0
75	178	202	377	484	0
7	18	63	162	175	218	244	260	298	389	393	438	472	0
47	48	245	254	276	298	328	490	0
93	189	236	248	254	349	509	0
86	119	302	376	381	435	0
24	174	241	373	415	431	447	496	0
75	77	83	148	190	231	239	266	288	298	0
45	92	96	148	199	244	251	282	297	369	444	454	457	0
24	202	263	323	376	393	399	406	486	0
42	159	253	315	402	0
7	31	66	230	253	262	268	281	292	296	390	442	460	501	507	0
57	71	112	188	212	241	298	379	381	0
17	234	274	281	296	326	370	0
20	29	69	177	257	404	416	0
41	127	193	195	272	415	0
89	104	138	315	485	505	0
2	150	213	227	311	412	417	483	0
55	232	234	258	332	437	444	482	0
53	83	146	208	240	324	332	418	508	0
101	122	129	146	209	0
31	138	224	284	328	492	511	0
10	41	50	107	127	316	323	343	365	393	446	0
72	104	173	279	322	326	344	418	420	445	0
10	300	351	0
51	151	165	190	208	211	215	281	312	434	460	0
33	136	181	189	238	289	328	380	436	0
50	199	222	256	294	313	345	0
85	90	101	106	166	173	267	290	312	336	477	512	0
100	133	169	206	215	225	497	0
53	102	194	207	229	304	377	0
123	128	172	185	366	367	381	387	454	473	0
7	41	66	78	264	412	433	465	0
221	229	300	0
199	207	229	391	430	461	0
89	107	242	273	380	453	492	511	0
200	235	267	341	344	439	475	0
169	181	198	265	292	363	0
95	441	0
27	57	126	127	177	187	324	367	477	0
97	234	344	0
24	114	115	279	304	323	351	375	401	473	496	0
3	51	87	186	211	475	0
32	44	124	170	185	195	243	291	307	347	440	0
60	92	132	195	236	324	387	405	491	498	0
197	208	220	267	458	0
6	58	71	74	185	220	371	472	482	0
7	39	46	82	202	430	0
39	160	170	296	353	380	483	508	0
286	360	479	490	0
65	217	263	276	322	339	494	496	0
9	55	66	69	162	285	315	344	382	406	449	455	510	0
21	37	56	102	117	180	203	232	249	298	432	441	466	0
23	92	98	155	167	215	341	367	452	469	0
172	204	205	264	315	402	0
109	158	215	240	274	341	409	413	476	502	505	0
11	58	199	219	312	370	474	486	0
268	279	280	378	385	412	455	494	0
20	132	220	253	257	289	293	423	0
39	135	180	188	269	295	380	419	497	500	0
64	71	160	176	306	315	318	332	388	402	0
3	27	73	195	228	280	281	292	340	342	354	410	0
136	144	172	206	368	396	413	427	486	0
56	102	150	155	202	238	244	245	317	358	0
61	86	361	371	379	383	418	0
30	138	161	169	186	225	235	362	389	419	431	0
25	89	130	135	188	239	408	472	501	0
67	113	413	0
109	193	265	351	431	452	465	0
167	183	244	247	330	347	398	421	0
46	121	146	298	319	392	400	511	0
48	108	217	317	447	504	0
33	81	265	268	301	497	0
11	19	30	159	166	216	271	339	367	400	431	476	0
133	144	185	261	334	341	371	431	452	0
281	319	411	425	460	0
50	72	86	87	176	191	309	453	470	491	507	0
9	18	32	86	206	230	300	408	462	473	0
14	22	138	150	153	181	313	0
35	63	149	172	222	345	378	0
66	75	146	202	261	299	393	453	481	485	0
56	71	119	166	173	218	314	396	0
66	111	133	340	494	0
30	39	46	114	132	193	197	215	0
12	88	101	183	254	341	359	375	376	394	432	0
30	43	75	88	210	274	396	0
11	25	52	57	122	175	190	221	225	234	272	277	278	316	483	506	0
37	42	68	137	352	0
107	122	150	151	168	249	255	344	414	431	0
6	63	103	203	254	292	419	427	507	0
64	84	152	190	355	399	425	442	0
52	66	144	208	332	380	416	510	0
10	43	115	134	141	163	229	313	319	327	332	497	0
59	143	231	385	404	418	473	0
86	99	202	239	403	425	439	466	492	0
80	96	108	116	154	170	187	201	217	320	323	352	357	492	0
42	159	196	274	300	306	371	384	388	0
28	38	82	84	161	244	259	299	320	341	417	433	0
161	220	359	492	0
22	56	136	169	184	213	325	354	395	421	0
22	51	137	141	236	322	358	396	464	479	0
82	126	132	152	198	277	302	330	346	397	403	0
89	99	127	210	308	342	366	379	399	464	492	0
29	86	192	209	235	254	273	277	290	359	454	0
22	61	132	149	270	302	470	0
13	101	119	215	244	289	353	359	377	444	480	0
18	124	206	281	285	334	346	380	478	0
34	91	105	227	332	371	390	447	489	0
42	52	132	136	160	162	190	212	282	314	353	370	371	0
180	225	298	394	0
31	36	157	178	202	0
109	188	367	474	0
9	47	70	163	341	394	398	431	0
9	67	106	152	153	165	205	283	423	0
140	193	229	274	311	347	360	366	448	0
91	134	186	248	252	325	442	488	0
1	32	60	67	235	303	360	0
33	79	94	128	444	0
19	25	26	136	172	193	216	477	484	497	0
22	235	273	289	312	393	492	0
86	124	214	256	400	461	478	0
42	92	168	238	249	281	396	461	484	0
137	140	141	199	221	257	271	294	296	378	381	483	0
25	32	118	184	280	327	384	496	497	0
65	114	200	414	446	472	475	486	0
28	125	159	290	327	439	442	0
73	285	360	454	481	486	0
120	125	147	193	251	282	361	424	510	0
18	143	172	210	223	226	453	497	0
56	62	69	111	151	207	242	245	350	0
6	18	25	35	41	244	246	266	301	352	397	509	0
46	133	170	228	277	334	0
50	114	173	201	245	300	325	379	412	435	496	0
126	162	243	319	354	383	397	410	435	0
42	113	119	309	325	352	406	496	0
48	106	142	236	265	507	0
9	150	240	314	343	388	415	423	430	433	0
37	53	60	61	109	115	170	176	204	212	237	260	378	511	0
7	44	110	170	236	239	274	355	389	418	454	458	480	498	503	0
53	237	379	386	420	0
107	176	253	286	461	0
111	222	293	345	416	417	442	454	506	0
3	25	35	52	56	67	159	195	228	251	255	412	0
71	278	335	396	497	0
63	115	234	249	372	496	505	0
222	294	301	327	375	0
16	75	117	118	165	247	313	318	342	364	381	411	453	497	502	0
53	110	111	191	196	210	353	374	433	0
88	195	249	309	310	424	432	441	457	473	0
46	72	134	227	281	330	434	469	485	499	0
46	104	105	121	165	229	267	298	302	415	465	498	0
8	28	32	62	125	264	283	295	423	511	0
16	73	83	204	310	323	330	0
36	109	244	269	344	386	427	481	0
25	28	86	99	181	187	409	417	0
37	118	265	290	450	0
44	62	116	157	321	346	389	511	0
103	139	161	258	0
24	42	73	144	175	179	242	262	358	363	366	489	0
50	83	114	237	282	357	373	413	471	0
62	67	135	143	152	257	270	306	379	0
7	118	164	179	395	455	0
20	166	260	456	465	468	0
14	69	84	211	267	393	416	431	491	503	0
17	18	106	180	229	295	324	343	407	458	482	0
86	103	122	193	345	417	441	476	0
78	142	210	226	289	292	296	306	318	388	0
32	33	56	65	102	120	162	192	203	221	245	408	412	434	446	0
324	359	482	490	0
86	110	157	0
62	193	208	210	238	316	369	390	394	431	484	0
61	103	193	250	377	378	495	0
130	148	164	359	378	396	458	0
56	164	168	230	296	307	384	453	0
4	53	77	118	120	132	168	182	213	228	256	290	322	392	456	0
8	115	215	234	266	283	446	467	0
25	65	220	258	282	370	387	400	0
50	56	128	310	314	357	444	0
44	68	158	213	233	312	324	335	350	0
14	19	82	156	247	333	431	461	0
78	80	475	486	0
58	114	339	342	483	0
94	133	165	212	226	273	318	369	399	403	493	507	0
13	14	21	32	49	77	95	135	210	232	262	281	298	318	350	0
3	59	70	150	307	432	450	463	0
8	21	31	44	51	63	118	144	168	196	273	356	381	453	0
76	165	248	295	348	351	443	497	0
55	134	229	252	320	323	505	509	0
22	104	166	258	271	293	324	381	444	0
118	120	155	229	273	280	339	417	449	0
83	115	438	0
102	109	110	114	119	159	177	216	257	290	0
187	204	458	482	0
40	74	84	95	131	140	184	203	239	309	368	493	0
42	179	237	252	319	412	0
56	112	208	211	257	417	499	0
11	35	223	329	353	411	422	501	0
137	148	308	337	412	487	495	0
84	351	0
4	44	167	203	267	273	477	497	0
17	64	101	150	280	291	327	329	408	449	0
209	304	352	0
183	241	255	300	338	377	410	0
255	259	284	356	374	464	486	0
87	124	221	327	371	415	438	472	0
81	132	135	163	226	285	345	422	447	471	0
134	185	199	253	336	352	445	0
21	39	188	215	243	284	331	378	486	0
117	123	158	161	167	424	0
55	78	129	193	277	385	398	413	0
64	170	178	344	372	0
34	88	92	167	253	273	289	290	336	423	482	0
7	177	182	199	240	301	324	333	339	348	485	489	0
202	204	294	394	399	0
27	51	263	452	461	0
2	61	130	157	207	281	435	490	0
92	116	129	148	202	259	294	502	0
4	27	87	126	146	151	271	275	285	295	319	327	352	411	506	508	0
206	222	239	241	362	395	467	0
96	99	100	120	130	420	497	500	512	0
1	68	199	230	232	252	307	311	324	383	392	417	423	474	0
110	128	133	0
2	36	303	307	386	462	500	0
53	176	208	256	259	394	445	455	0
16	72	93	94	314	379	0
125	126	167	198	199	214	414	436	457	493	0
36	286	319	498	499	0
44	181	213	238	336	466	497	0
13	14	68	250	285	347	388	472	0
135	313	318	334	0
304	450	506	0
309	365	390	490	0
157	180	288	296	319	410	434	503	0
87	168	189	374	0
143	160	162	181	191	204	219	0
70	168	209	253	288	386	440	472	0
92	129	243	271	406	0
64	130	143	147	158	195	260	317	419	443	488	0
39	74	134	186	248	272	312	0
20	93	208	213	263	358	450	487	0
78	150	176	221	335	384	466	488	0
24	39	56	67	96	293	319	458	0
107	111	374	384	423	444	505	0
32	36	236	285	290	358	369	381	445	0
12	32	78	131	148	175	293	305	353	428	491	0
27	38	107	194	202	237	241	308	313	324	358	454	485	0
52	155	212	215	254	303	351	371	477	503	0
18	168	206	240	372	0
33	51	92	96	197	245	401	409	469	0
292	310	428	0
38	55	106	202	266	284	0
73	76	170	207	265	346	350	352	371	376	411	433	0
36	38	41	191	205	210	212	275	279	368	0
3	8	52	56	156	221	223	233	373	429	442	0
5	171	234	428	449	503	506	0
81	172	325	420	435	451	0
9	101	144	265	376	411	424	507	0
51	79	85	92	253	0
39	85	95	129	338	370	377	446	450	0
138	209	221	265	0
3	85	87	138	146	160	180	218	485	0
26	81	169	300	359	383	396	415	443	449	471	0
21	115	277	289	350	422	498	0
8	34	60	88	120	163	215	283	365	373	385	387	405	0
38	53	153	171	181	203	214	215	311	353	358	413	498	0
19	83	100	251	317	354	381	498	0
22	29	54	107	113	266	360	370	0
6	52	72	254	310	340	349	387	394	422	0
105	148	191	252	432	449	503	0
112	116	191	358	363	0
78	108	137	212	278	309	365	399	482	499	501	0
87	164	186	229	244	278	279	314	403	426	468	497	0
58	59	96	119	171	209	239	246	267	331	504	0
133	142	155	166	198	213	393	457	0
112	119	138	229	253	292	295	350	372	443	456	471	0
61	158	427	503	0
68	81	171	240	327	368	0
45	203	230	280	347	349	433	449	0
37	70	164	200	316	370	402	504	0
15	30	31	61	67	246	260	329	342	422	0
80	138	151	283	370	374	424	495	0
61	94	167	203	243	273	335	469	0
109	172	245	263	402	432	498	0
78	118	214	277	338	449	477	0
104	141	450	494	505	0
19	56	65	177	281	327	497	0
109	116	129	187	226	270	380	420	450	511	0
13	26	93	191	216	219	277	320	330	374	0
9	56	83	206	268	325	396	463	495	0
50	58	169	188	192	207	228	250	279	368	395	403	0
47	68	208	237	240	420	0
11	44	61	176	219	316	440	470	0
45	59	66	116	197	209	289	320	377	458	512	0
53	72	177	180	227	283	416	447	480	0
148	355	409	477	486	0
29	71	117	161	167	385	389	0
91	93	201	208	289	378	396	470	472	476	0
42	90	121	200	438	491	0
5	151	370	408	0
9	20	33	76	88	116	158	241	343	479	491	0
18	62	271	437	441	0
5	72	75	173	184	274	307	405	443	0
72	162	261	355	401	428	445	0
58	60	168	240	309	339	423	0
76	90	182	253	303	324	358	363	440	466	498	0
74	124	139	164	239	249	274	301	304	0
162	169	174	266	316	371	508	0
15	27	79	107	195	231	332	431	484	0
113	122	243	257	311	368	501	507	0
52	62	121	198	248	270	400	512	0
26	27	124	204	248	261	272	296	302	327	498	0
64	94	126	130	171	200	245	0
22	103	105	166	172	196	344	420	421	467	481	0
18	20	85	130	246	326	362	393	397	419	0
49	56	57	81	176	206	419	461	463	0
82	83	303	312	369	374	386	425	499	0
7	20	165	220	243	258	318	327	349	410	437	0
2	45	55	86	234	255	315	363	387	0
182	197	201	422	470	0
69	378	436	511	0
26	169	196	260	382	447	0
80	351	356	361	409	456	0
2	31	360	0
31	141	154	243	0
54	74	105	113	172	175	180	181	195	219	270	277	286	414	435	496	0
159	191	255	291	375	389	0
139	204	243	254	358	384	509	0
34	44	132	256	274	339	0
34	112	239	240	322	362	431	0
133	332	426	444	469	0
7	75	125	407	423	470	480	0
1	75	109	297	311	404	0
50	143	201	232	473	0
150	342	398	411	459	473	0
145	159	255	272	407	0
5	87	118	197	222	232	248	360	444	0
72	293	344	368	381	408	467	484	0
2	3	90	115	125	212	224	284	295	349	436	442	509	0
52	130	313	330	350	409	456	466	508	0
58	129	231	274	282	365	468	475	0
99	113	178	214	312	400	427	0
26	27	221	457	0
53	158	296	307	361	368	375	384	390	0
15	27	262	291	337	346	365	391	393	0
362	0
55	81	160	175	181	321	455	0
142	183	187	235	253	280	292	0
15	56	115	138	210	233	245	248	352	458	0
158	164	268	330	452	0
53	269	281	381	428	445	0
1	115	255	332	380	448	492	0
12	152	245	271	279	299	348	399	454	489	0
440	486	492	0
9	118	132	182	477	0
3	16	34	37	74	141	227	228	247	286	321	421	504	0
184	329	491	0
12	291	395	421	506	0
41	207	209	310	0
139	175	257	269	0
21	41	159	201	334	347	411	445	500	0
20	33	61	95	282	325	419	443	0
269	378	446	492	0
14	92	160	256	355	388	436	481	0
183	211	398	403	425	437	0
4	42	97	266	312	368	381	0
36	109	153	173	231	311	335	342	403	498	0
61	97	138	148	184	200	255	439	440	0
89	163	218	327	0
143	149	231	287	446	0
162	180	272	403	502	0
135	146	225	306	353	390	401	460	504	0
33	57	92	106	213	227	511	0
69	156	207	406	0
20	25	212	245	400	437	502	0
53	187	233	260	419	469	0
125	153	271	275	299	318	377	0
9	124	155	193	229	288	493	506	0
60	70	108	225	228	277	414	443	0
23	35	123	187	256	319	352	367	495	0
28	65	116	163	169	231	233	287	310	314	401	459	0
60	304	346	0
44	67	222	344	347	0
64	78	214	265	319	458	506	0
1	110	156	275	322	338	493	0
29	151	183	270	351	404	406	462	0
47	128	142	201	202	205	209	226	457	459	468	0
33	289	300	332	483	490	0
157	164	189	391	0
1	10	76	278	304	387	395	485	0
84	113	148	157	230	239	241	251	431	0
18	27	59	87	136	166	179	199	225	230	235	250	253	293	306	326	334	378	392	0
151	245	257	333	369	371	372	389	411	417	472	0
256	302	333	377	422	0
63	97	166	326	329	466	0
47	118	173	303	377	415	504	0
94	101	162	253	323	476	480	0
43	49	79	245	270	339	353	361	375	382	0
100	104	178	379	385	461	477	501	0
15	123	162	251	294	349	391	0
52	102	193	248	324	337	361	463	483	489	0
37	118	183	196	242	289	363	415	0
84	90	126	155	324	413	445	0
5	27	101	111	237	294	433	444	0
76	107	158	198	234	0
54	128	142	177	244	258	263	393	426	478	0
42	102	135	326	399	416	0
