512
0
0
360	0
0
0
0
0
370	0
0
495	0
398	0
0
33	0
0
450	0
0
0
497	0
225	0
121	0
314	0
0
0
116	0
0
0
0
0
0
98	0
0
0
13	0
214	0
0
0
0
0
365	0
0
139	0
117	0
0
285	306	0
115	424	0
0
0
0
0
284	0
0
56	0
400	481	0
511	0
0
52	280	421	0
0
396	410	0
0
0
398	0
0
0
418	0
0
0
0
0
236	270	426	0
219	0
153	0
0
233	265	0
0
0
495	0
0
287	347	0
0
0
179	0
0
422	0
197	508	0
135	0
0
340	0
318	406	0
142	0
0
0
160	0
346	0
418	0
0
0
0
30	0
0
372	0
212	0
0
0
0
431	0
0
0
0
298	0
0
254	0
0
0
0
45	0
24	323	0
42	0
262	0
0
0
20	416	0
0
0
0
0
0
146	0
0
0
0
0
434	0
289	380	0
0
85	0
0
0
366	367	0
41	0
0
0
89	380	453	0
0
0
0
127	0
234	344	0
0
475	0
0
0
0
71	472	0
0
160	296	0
0
0
0
432	0
92	155	341	0
0
409	0
219	474	0
0
0
0
0
0
0
0
0
0
0
0
193	0
0
0
217	0
81	0
0
261	341	0
0
470	507	0
230	462	0
0
0
485	0
0
0
0
0
0
175	0
0
0
0
84	0
0
0
0
0
357	0
384	0
0
359	0
0
0
0
0
0
0
101	0
0
34	0
0
0
178	0
0
70	163	0
0
0
0
0
0
19	0
0
0
0
0
184	384	0
0
290	0
73	0
147	0
0
69	0
0
0
0
0
0
0
0
0
0
0
0
0
412	0
0
0
0
0
111	0
0
434	0
0
283	511	0
0
0
181	0
118	0
511	0
0
73	0
0
379	0
0
0
69	491	0
324	0
0
292	0
0
0
0
0
0
0
56	307	453	0
0
0
258	0
50	0
44	0
0
78	0
0
133	0
232	0
0
273	453	0
0
0
0
155	0
0
109	0
0
0
0
0
353	422	0
0
0
44	0
280	408	0
0
0
0
472	0
0
0
21	0
0
0
0
88	0
339	0
399	0
0
0
116	0
271	0
0
420	0
0
0
0
0
0
414	0
0
0
0
0
0
390	0
319	0
87	0
160	181	0
0
0
147	0
0
93	0
78	0
0
0
0
0
0
303	0
0
0
0
202	0
433	0
205	0
3	0
0
0
0
0
39	0
138	0
138	0
415	0
0
8	0
0
100	0
0
394	0
0
0
501	0
468	0
267	0
133	142	0
0
0
0
203	230	0
0
0
0
469	0
0
338	0
494	0
0
0
374	0
0
58	0
0
11	61	0
320	0
53	0
0
0
470	0
0
408	0
88	0
0
307	405	0
162	0
58	0
0
249	0
0
332	484	0
368	0
121	0
0
64	94	0
0
326	0
56	0
83	303	0
0
45	0
0
69	0
0
0
0
0
105	0
159	0
358	0
132	256	0
0
0
0
0
0
0
0
444	0
0
442	0
0
0
0
0
0
15	0
0
0
142	280	292	0
458	0
0
0
0
454	0
0
0
0
184	0
506	0
0
0
0
0
378	0
388	0
183	403	0
0
153	311	0
0
163	0
149	0
0
0
0
0
0
53	0
0
0
414	0
187	0
0
0
0
0
0
270	0
0
0
391	0
10	76	0
0
18	0
0
0
0
377	0
0
0
0
0
463	0
183	0
84	0
0
0
54	258	263	0
0
