512
343	0
14	73	376	425	0
58	67	188	344	0
23	116	270	0
113	275	341	349	498	0
73	161	295	365	0
36	46	116	224	452	477	0
73	212	326	406	0
37	76	379	456	0
149	453	0
203	0
83	87	255	396	0
21	412	493	0
2	81	429	0
105	169	383	0
240	287	460	476	483	0
0
111	0
152	156	292	452	472	0
27	83	314	0
13	235	245	279	329	475	0
29	78	84	309	330	493	0
4	138	316	0
111	307	310	349	0
131	313	0
48	109	178	180	0
20	183	242	253	497	0
405	0
22	52	69	103	288	337	441	462	477	0
367	404	412	420	0
136	198	201	0
53	58	0
78	125	160	177	478	0
318	334	425	476	0
89	230	233	0
7	50	98	124	366	436	0
9	132	138	155	233	317	377	0
101	235	261	467	486	488	0
54	152	302	315	408	0
107	369	381	453	479	0
69	156	0
404	0
69	106	364	491	0
88	110	145	229	363	409	410	431	436	502	503	0
276	359	507	0
7	235	242	257	0
51	71	219	343	394	0
26	300	440	461	0
114	466	0
36	361	473	0
47	58	159	343	396	0
29	97	246	321	381	441	0
32	305	353	489	0
39	69	184	272	313	0
136	171	189	224	298	382	486	488	0
68	247	264	460	0
176	191	321	389	0
3	32	51	172	408	470	476	0
133	333	443	444	0
69	114	401	0
301	0
281	0
268	436	0
430	0
117	198	0
186	222	0
3	155	419	435	0
56	136	321	346	0
29	41	43	54	60	168	328	336	398	0
120	164	0
47	449	0
142	342	437	470	498	504	0
2	6	8	156	244	305	366	0
166	177	240	377	413	508	0
79	245	349	0
9	254	287	0
123	415	0
22	33	147	200	233	457	0
75	222	235	260	282	355	373	427	459	468	482	0
157	224	277	326	382	428	476	0
14	208	223	264	377	510	0
300	306	429	475	483	0
12	20	421	0
22	104	110	257	302	368	459	0
222	277	356	458	0
102	110	118	235	501	0
12	208	231	0
44	99	120	185	230	401	0
35	125	217	219	250	295	317	426	482	0
283	409	487	0
104	108	158	285	386	436	437	462	0
197	215	223	265	386	421	443	0
128	161	432	460	0
132	155	200	273	284	317	354	456	0
437	456	0
101	243	264	413	0
52	165	229	384	0
36	225	319	329	365	467	0
88	186	260	322	458	0
261	291	295	0
38	96	480	0
86	139	239	365	0
29	473	0
84	91	445	0
15	328	384	0
43	113	258	329	478	494	0
40	129	417	418	0
91	111	165	176	213	276	301	479	0
26	290	333	477	0
44	84	86	191	359	390	450	452	0
18	24	108	136	159	406	467	488	490	0
310	441	0
5	106	376	458	461	0
49	60	118	191	231	296	306	376	472	0
226	276	305	0
4	7	156	186	353	459	493	0
65	240	510	0
86	114	213	256	374	376	0
127	186	0
70	88	147	163	171	207	474	0
156	229	0
220	233	0
77	244	316	418	0
36	215	333	440	0
33	89	139	235	341	447	0
356	411	510	0
119	255	280	340	347	414	499	504	0
93	129	244	0
107	128	255	258	292	326	0
346	420	0
25	306	340	432	0
37	94	250	0
59	184	224	281	0
181	225	382	433	0
361	397	419	0
31	55	68	111	263	346	370	414	0
147	344	0
23	37	0
102	125	342	0
339	0
0
72	146	167	209	230	446	482	0
191	358	403	407	0
177	209	0
44	309	423	429	495	0
142	212	420	0
78	120	137	392	0
260	365	0
10	197	327	0
167	415	0
250	267	435	0
19	39	169	333	413	0
263	423	0
242	0
37	67	94	474	0
19	41	73	116	121	451	468	480	0
80	255	364	454	0
91	321	423	0
51	111	183	279	289	395	483	0
33	298	417	419	0
6	93	200	273	321	412	0
242	273	354	0
120	164	172	221	435	0
70	163	408	0
97	108	189	337	447	0
74	195	210	305	397	0
142	150	283	418	0
69	343	509	0
15	152	0
185	242	331	402	452	466	0
55	120	231	322	441	477	0
58	163	0
325	0
359	0
225	285	364	442	0
57	108	191	253	0
33	74	144	193	197	222	254	399	0
26	400	506	0
195	230	295	403	408	0
26	212	295	356	482	0
134	248	331	0
251	311	0
27	159	269	502	0
54	133	478	0
88	170	199	0
66	99	116	119	236	406	436	465	0
393	442	456	0
3	224	0
55	165	349	0
458	0
57	110	114	143	176	215	271	0
396	0
177	273	307	0
296	393	0
166	179	230	265	425	511	0
272	0
92	149	177	0
31	65	247	288	363	429	0
185	239	302	361	481	0
78	94	161	353	0
31	320	402	0
270	0
11	230	303	426	0
354	385	0
210	289	0
378	0
120	377	0
81	87	283	315	380	384	432	489	0
142	144	240	0
166	205	318	333	382	428	0
445	0
8	146	180	380	401	448	0
108	118	447	0
304	495	507	0
92	124	191	0
408	459	0
89	265	0
247	254	0
47	89	270	357	390	483	0
122	241	254	472	0
163	327	441	0
66	79	85	177	223	238	311	0
81	92	222	508	0
7	55	80	133	188	270	310	423	0
98	134	175	246	299	0
115	496	0
243	0
430	0
44	97	121	0
35	88	142	179	195	203	257	0
87	114	171	241	324	486	0
501	0
35	37	78	122	330	353	395	0
245	320	397	0
21	38	46	79	86	125	278	481	0
186	308	367	487	0
426	0
222	0
102	199	293	299	426	461	506	0
16	74	117	209	0
220	231	343	0
27	46	154	162	170	278	396	510	0
96	227	353	374	0
73	123	128	326	0
21	75	234	295	0
52	225	0
56	198	218	427	0
181	422	441	0
0
89	132	151	474	0
182	0
0
27	176	351	375	387	430	0
76	177	218	220	310	347	394	0
12	127	129	157	392	426	451	0
118	347	0
46	84	230	373	0
106	129	260	372	0
292	308	473	0
79	99	148	258	318	415	439	0
38	100	262	460	462	487	0
261	417	496	0
136	153	288	369	386	492	0
56	81	96	306	0
92	195	217	436	451	0
298	384	504	0
151	310	473	485	492	0
63	362	0
183	302	313	0
4	202	219	224	379	381	408	0
191	469	486	0
54	196	0
94	161	162	193	275	328	414	454	0
355	0
5	273	302	337	0
45	108	115	330	495	498	0
80	85	350	441	0
235	242	294	346	389	392	475	0
21	159	329	336	352	379	435	0
127	288	0
62	133	358	448	498	0
79	442	0
90	167	208	308	0
94	344	480	502	0
91	175	0
504	0
16	76	0
29	198	263	280	456	476	479	0
159	205	333	414	0
109	366	422	492	0
100	323	355	0
19	129	259	354	0
239	335	433	0
278	0
6	89	100	179	180	245	0
114	194	382	412	0
399	0
55	160	266	404	464	497	0
225	239	352	390	427	0
48	82	0
61	108	370	0
39	84	199	269	275	408	0
203	388	0
214	376	0
53	73	115	166	329	434	501	0
82	114	131	264	0
24	193	382	501	0
236	259	283	0
22	145	344	406	409	0
24	112	224	254	267	427	455	0
182	222	323	363	486	0
317	429	443	512	0
25	54	269	314	315	378	427	436	0
20	313	316	408	0
39	208	313	0
23	123	314	486	0
37	89	94	312	470	0
34	210	260	0
98	411	493	0
201	234	445	460	0
52	57	68	158	161	0
99	171	389	0
291	311	365	435	0
231	329	337	342	426	448	0
173	0
8	80	129	244	444	0
149	221	0
69	105	273	423	428	440	502	0
21	98	106	279	305	324	416	511	0
22	233	276	493	0
170	181	378	465	511	0
338	359	500	510	0
59	109	124	152	210	289	0
34	381	420	0
293	437	0
69	279	0
29	165	275	324	390	0
332	0
140	415	447	0
127	131	382	0
5	125	403	457	0
72	139	324	471	0
1	47	51	168	241	0
3	137	284	309	489	0
414	0
68	130	136	278	381	455	503	0
127	254	256	439	455	0
399	0
5	24	75	189	462	0
277	0
253	475	0
279	299	400	0
53	116	200	233	243	408	466	0
94	162	204	292	401	488	0
79	274	291	0
85	126	180	0
219	501	0
143	281	0
45	110	174	332	479	0
368	417	427	0
50	135	199	366	494	0
268	492	0
44	198	311	370	489	0
43	157	175	458	461	0
6	98	102	148	323	402	0
36	73	290	361	436	511	0
30	236	455	0
84	360	392	396	0
40	263	0
136	301	363	480	485	0
0
258	475	499	0
79	257	0
118	243	477	0
253	438	0
2	113	114	118	304	387	455	0
37	74	81	207	501	0
206	313	331	393	413	0
9	270	279	0
208	212	481	0
40	52	270	334	346	0
55	80	134	210	296	307	340	0
15	0
97	105	208	266	0
204	0
91	92	263	0
253	376	429	462	464	0
303	407	412	447	0
57	278	322	488	510	0
110	219	299	337	411	0
0
147	255	278	368	406	0
187	194	378	468	0
47	254	439	0
159	233	0
12	51	192	242	368	0
135	166	234	430	434	488	0
69	0
177	297	348	400	409	0
178	352	399	463	0
60	88	212	354	416	0
170	201	365	423	463	469	481	0
143	179	341	445	0
30	42	298	0
28	0
8	111	186	309	392	0
143	388	0
39	58	164	179	216	270	302	314	353	0
44	90	309	399	439	0
44	457	0
126	319	390	446	485	489	0
13	30	161	296	388	0
74	96	152	378	491	498	0
127	136	273	289	345	506	0
77	150	260	339	427	0
329	401	0
107	160	262	360	0
107	123	167	0
67	135	160	463	485	0
30	130	146	334	507	0
83	92	0
248	290	440	0
145	153	158	224	328	402	461	0
0
2	34	195	0
89	203	237	239	255	324	0
79	247	299	310	313	360	415	472	0
80	210	328	0
14	82	145	198	312	387	448	502	0
64	228	253	397	444	0
44	0
93	131	208	0
134	293	0
305	397	503	0
67	151	163	279	323	493	0
36	44	63	91	186	265	313	366	0
72	91	95	335	446	484	0
375	0
260	347	394	409	0
48	124	328	422	454	493	0
29	52	112	171	221	248	277	0
175	187	282	501	0
59	92	312	0
59	326	430	502	0
104	211	320	403	0
142	411	437	0
125	165	213	339	388	0
212	281	324	429	0
71	0
110	0
156	255	265	0
7	19	110	170	0
10	40	0
157	273	440	0
310	346	347	367	376	0
9	94	95	187	288	461	0
78	341	410	0
85	99	113	190	364	471	0
79	84	116	216	0
16	56	93	261	320	461	0
48	113	239	364	423	456	460	0
29	91	261	349	387	0
400	402	419	0
298	387	0
186	331	485	0
49	170	353	0
38	98	111	0
79	156	393	0
271	402	0
58	72	317	0
342	458	474	0
19	114	220	427	0
50	103	259	267	0
120	155	250	471	0
21	82	278	351	372	505	0
16	34	58	80	288	0
7	29	109	171	374	0
33	106	184	0
40	108	288	359	0
101	156	284	370	0
199	235	380	402	493	0
79	89	142	180	509	0
16	82	159	219	491	0
437	0
267	370	411	419	465	488	0
38	55	231	271	311	316	493	0
90	236	261	0
38	55	111	354	389	397	485	0
53	208	344	363	411	0
111	0
43	413	483	500	0
263	267	290	362	0
13	22	116	319	330	435	440	481	486	0
106	361	0
145	214	276	0
226	262	0
27	298	507	0
5	72	276	281	413	0
127	372	0
332	491	0
86	232	305	307	357	377	442	0
44	183	284	328	429	444	0
44	346	434	0
72	127	266	286	0
475	0
178	239	414	0
45	214	420	497	0
74	223	0
168	482	0
81	117	126	242	332	389	0
195	329	331	366	0
312	0
