512
0
0
0
0
498	0
0
0
0
0
0
0
0
0
0
0
0
0
0
0
0
0
78	0
0
111	0
0
0
0
0
0
420	0
0
0
0
476	0
0
0
0
0
0
0
0
0
0
0
276	0
0
0
0
0
473	0
58	0
0
305	0
0
0
0
0
51	0
0
0
0
0
0
0
0
0
0
0
0
0
0
0
0
0
0
0
0
22	0
235	0
277	0
0
0
0
0
356	0
0
0
120	0
0
0
0
0
0
0
0
101	0
0
0
0
0
96	0
0
0
0
0
0
0
0
0
0
24	0
0
0
0
0
0
0
0
0
88	0
0
0
0
0
0
0
0
0
0
0
0
0
0
0
0
0
0
0
0
0
0
0
0
0
0
0
0
0
0
0
267	0
0
0
0
0
0
0
0
0
0
0
242	0
0
0
0
0
0
0
0
0
0
0
0
0
0
0
0
0
0
0
0
0
502	0
0
0
0
0
0
349	0
458	0
0
0
0
393	0
0
0
0
0
0
0
0
270	0
0
354	0
0
0
0
0
0
0
0
0
0
0
0
0
0
0
0
0
0
0
0
0
0
0
0
0
0
0
0
0
0
245	0
79	0
0
0
0
0
0
0
162	0
0
0
234	0
0
0
0
0
0
0
0
0
0
0
0
0
0
0
0
0
0
0
0
451	0
0
151	0
0
0
202	0
0
0
0
0
0
45	0
80	0
0
0
0
0
0
0
0
0
504	0
0
0
0
0
0
0
0
0
0
0
0
0
0
0
0
0
0
376	0
53	0
0
0
0
0
0
0
0
0
0
0
0
0
0
0
0
0
0
0
0
0
0
0
0
0
0
0
0
0
381	0
0
0
0
0
447	0
0
0
0
0
0
0
0
0
0
189	0
0
0
0
0
204	0
0
85	0
0
0
0
0
0
0
370	0
458	0
0
0
0
0
0
363	0
0
499	0
0
0
0
304	0
0
0
0
0
334	0
0
0
0
0
0
0
0
0
411	0
0
0
194	0
0
0
0
0
0
0
0
0
0
0
0
0
0
0
0
0
0
390	0
0
0
0
0
0
0
0
0
30	0
0
0
0
0
0
0
0
0
0
0
0
0
0
0
0
0
0
0
0
0
0
0
0
0
0
0
339	0
0
0
0
265	0
0
0
0
0
0
0
190	364	0
0
0
0
0
0
0
0
0
0
0
0
0
0
0
50	0
0
0
34	0
0
0
0
0
0
0
0
0
0
0
0
0
0
0
0
0
0
0
0
0
0
5	0
372	0
0
0
183	0
0
286	0
0
0
0
0
0
0
0
0
