512
0
14	425	0
0
0
275	341	498	0
0
46	452	0
406	0
37	76	379	0
149	0
0
396	0
0
2	81	0
105	0
240	287	483	0
0
0
152	292	0
27	314	0
235	0
78	330	0
316	0
111	307	0
0
0
20	242	497	0
405	0
0
420	0
0
0
0
334	476	0
230	0
124	436	0
9	0
488	0
152	302	408	0
381	0
69	156	0
0
69	106	0
0
276	507	0
7	0
51	219	394	0
300	461	0
0
473	0
47	58	396	0
441	0
305	353	0
184	0
136	382	488	0
0
0
51	408	0
0
0
0
0
436	0
0
0
186	0
435	0
136	0
41	43	328	0
164	0
449	0
142	437	504	0
0
413	508	0
0
9	287	0
415	0
22	200	233	0
222	235	459	0
277	476	0
14	377	510	0
306	475	0
0
257	0
356	0
110	0
0
120	185	0
125	295	317	0
0
462	0
197	223	0
0
317	354	0
437	0
101	0
229	0
329	0
0
261	295	0
96	0
239	0
0
0
15	0
43	113	494	0
0
111	165	176	479	0
477	0
86	0
24	108	159	488	0
441	0
106	0
118	0
276	0
0
510	0
114	0
0
88	0
156	0
0
244	0
36	215	0
89	0
411	0
347	0
0
255	292	0
420	0
0
0
184	224	0
225	0
0
55	68	370	0
0
0
0
0
0
72	209	0
0
0
309	0
212	420	0
392	0
0
10	0
415	0
267	0
19	39	333	0
0
0
0
41	121	451	0
255	0
423	0
111	183	395	483	0
417	0
412	0
242	273	0
164	0
70	163	0
108	0
195	0
0
509	0
0
242	0
231	322	0
0
0
0
0
108	191	0
0
506	0
295	0
212	0
0
251	0
159	502	0
54	133	0
88	0
66	436	465	0
393	0
224	0
349	0
458	0
176	215	0
0
0
393	0
166	0
272	0
92	0
0
361	0
78	353	0
320	0
270	0
0
354	0
0
0
377	0
489	0
142	240	0
0
0
146	180	0
0
304	0
124	191	0
0
265	0
0
47	270	0
0
441	0
79	223	0
92	222	0
133	188	0
134	246	299	0
0
0
0
97	0
35	0
171	0
0
78	0
245	397	0
21	79	0
367	487	0
0
0
102	299	0
16	209	0
0
27	162	170	510	0
0
123	0
234	0
225	0
0
441	0
0
474	0
182	0
0
430	0
0
129	157	0
0
84	0
0
0
415	0
100	0
417	0
0
0
217	436	451	0
298	0
151	0
0
0
202	219	0
486	0
196	0
162	0
0
5	302	0
45	115	330	0
80	0
392	0
0
0
448	0
0
308	0
344	502	0
0
504	0
16	76	0
456	0
0
422	0
355	0
19	129	0
0
0
89	100	179	0
0
0
266	404	464	0
225	239	0
48	0
0
39	275	0
388	0
214	376	0
53	0
82	0
24	0
283	0
145	0
427	0
486	0
512	0
436	0
20	0
0
23	0
89	94	0
0
0
201	0
0
171	0
435	0
337	342	0
0
0
0
69	0
98	0
22	276	0
511	0
338	510	0
152	0
34	381	420	0
0
0
324	390	0
332	0
415	447	0
0
5	457	0
324	0
0
284	489	0
414	0
381	0
127	439	0
0
189	0
0
475	0
400	0
53	200	0
94	204	0
291	0
85	0
0
0
0
417	0
199	366	0
0
370	489	0
458	461	0
0
361	0
236	0
0
0
136	363	480	0
0
499	0
0
0
438	0
304	0
81	207	0
393	0
9	0
0
40	334	346	0
55	0
0
0
0
0
0
303	0
0
337	411	0
0
147	278	0
187	194	378	0
47	0
159	0
12	51	0
234	0
0
0
352	0
0
423	469	0
0
298	0
28	0
8	0
0
39	58	0
0
0
126	390	0
161	0
74	0
345	0
77	150	260	339	0
0
160	262	360	0
0
0
30	130	146	334	0
0
290	0
158	402	0
0
2	0
0
310	0
0
0
253	444	0
0
0
0
0
67	323	0
36	63	186	265	313	0
72	95	0
375	0
347	0
454	0
52	112	221	248	0
0
0
430	502	0
0
0
339	0
281	0
71	0
0
156	265	0
7	0
0
440	0
0
288	0
341	0
190	364	0
79	0
0
48	364	0
91	0
0
298	0
186	0
0
0
0
402	0
0
0
0
50	0
250	0
82	351	0
34	80	0
109	0
0
108	0
370	0
0
0
16	159	0
0
0
271	311	0
236	0
38	55	111	0
208	344	363	0
0
0
0
0
106	0
0
0
27	0
5	0
372	0
0
0
183	284	444	0
0
72	286	0
0
178	0
45	0
74	0
168	0
81	117	242	332	0
331	0
312	0
