512
5	10	25	49	51	57	60	80	103	134	159	170	172	178	223	249	259	267	269	292	326	327	347	353	358	403	425	438	445	453	457	490	495	497	508	512	0
42	66	98	114	117	124	152	188	200	205	273	322	329	342	374	412	424	429	444	460	468	484	493	0
7	48	64	104	149	161	168	171	181	198	207	221	237	249	251	268	271	291	325	347	354	359	360	367	382	388	399	404	408	425	444	461	496	0
55	67	83	112	134	142	188	202	238	243	260	281	306	307	324	344	397	399	418	445	451	471	491	0
1	20	72	97	106	157	175	185	230	271	280	295	307	361	394	405	408	421	442	509	512	0
11	19	22	50	51	88	98	148	153	177	194	196	219	226	230	237	243	254	282	286	293	334	351	364	374	405	428	501	510	0
3	22	25	42	70	77	82	95	96	101	109	118	139	152	154	177	196	207	245	268	270	279	319	351	387	401	410	419	423	437	491	0
16	19	31	40	49	71	92	132	176	177	183	188	207	210	215	219	242	257	258	265	271	282	285	292	296	300	316	331	348	360	370	407	417	424	462	473	0
29	47	53	70	88	90	119	120	128	145	147	155	158	162	163	171	184	208	212	219	220	230	243	278	281	309	316	354	363	368	395	406	457	458	460	464	476	483	502	510	0
1	23	26	29	40	51	56	66	102	129	131	140	175	199	202	212	249	289	304	306	310	340	350	377	379	395	397	406	428	470	491	495	509	511	0
6	25	51	67	112	120	124	163	165	178	180	193	206	210	236	255	260	265	303	309	337	339	344	345	356	387	397	398	409	439	459	473	488	492	501	508	0
38	62	68	74	95	96	134	162	164	165	175	176	191	196	198	208	351	362	376	401	408	411	417	458	463	0
21	33	36	44	45	71	76	78	91	101	137	193	208	212	290	292	309	314	335	345	394	449	465	475	496	0
23	36	39	83	104	112	128	139	164	166	168	185	193	199	202	229	238	270	285	286	290	292	318	335	364	366	387	391	397	406	446	457	469	487	510	0
39	51	68	72	103	114	118	119	134	165	205	208	238	241	247	257	289	293	346	364	386	401	404	405	414	418	450	454	468	482	505	0
8	64	95	99	132	139	157	253	259	267	280	312	328	331	335	365	366	373	389	461	474	0
32	41	47	61	94	105	120	133	155	157	158	182	185	233	236	250	261	271	276	283	307	365	378	383	403	484	504	505	0
19	27	92	104	107	108	109	110	139	161	180	184	192	213	235	237	244	249	266	271	289	354	373	384	407	420	436	443	458	467	472	495	497	512	0
6	8	18	20	41	46	47	49	63	95	119	121	134	180	225	258	267	276	282	286	365	372	389	392	420	425	429	440	453	470	472	498	0
5	19	82	121	126	141	165	231	236	269	294	328	329	338	346	356	359	375	402	406	420	423	429	432	438	467	480	481	0
13	32	91	100	102	126	133	145	159	230	232	290	292	314	360	365	369	379	380	387	388	401	414	454	465	466	484	496	504	0
6	7	49	64	69	73	96	110	161	185	193	206	207	211	221	226	227	235	246	291	295	310	331	343	373	376	396	414	419	420	436	449	451	459	480	501	0
10	14	67	80	104	118	130	142	157	160	163	166	185	188	229	250	252	254	289	328	336	362	423	435	441	448	450	485	0
37	42	47	58	64	101	107	113	116	120	136	148	152	184	196	211	217	223	242	245	257	265	293	348	366	370	374	434	439	464	502	0
1	7	11	45	52	62	66	77	121	138	162	173	193	211	225	230	237	238	249	261	283	305	306	344	360	361	364	367	374	396	408	418	460	480	497	500	0
10	30	31	35	45	61	66	76	82	87	88	89	96	100	132	137	169	198	199	213	216	225	245	250	251	252	255	286	295	304	315	316	326	338	368	394	417	427	428	431	448	451	453	460	465	470	495	0
18	30	60	74	107	123	131	142	146	168	169	170	178	206	219	254	297	306	321	324	336	347	352	410	414	417	431	448	450	465	489	497	503	504	509	0
106	114	133	137	153	183	188	204	216	232	238	258	261	305	318	320	325	329	381	406	426	432	436	451	478	486	497	0
9	10	48	92	111	118	121	133	178	210	215	240	254	255	266	284	289	317	328	332	370	373	382	402	404	428	491	495	506	508	0
26	27	31	35	48	71	86	98	112	115	133	134	172	180	190	192	196	210	245	386	414	451	470	479	482	0
8	26	30	36	56	85	93	98	111	118	128	133	147	164	187	195	217	257	274	292	294	300	301	332	370	386	426	429	430	434	442	475	479	497	501	0
17	21	40	55	107	136	143	150	156	184	204	223	230	236	246	258	261	262	274	280	290	294	317	329	346	350	351	364	426	509	0
13	34	84	93	99	109	133	147	167	179	190	220	224	231	239	274	290	316	318	355	384	406	434	467	478	493	498	502	0
33	64	84	112	136	214	265	312	318	335	337	342	343	351	353	357	370	401	415	434	435	436	448	461	463	471	472	478	495	506	0
26	30	36	38	65	78	87	90	125	136	186	237	238	249	259	269	283	295	301	303	412	459	485	488	0
13	14	31	35	82	86	94	100	133	147	161	187	195	210	217	219	227	229	230	254	260	277	294	306	317	329	333	350	359	406	415	424	426	459	472	501	511	0
24	38	79	95	137	159	172	174	194	216	220	222	223	244	248	262	277	281	284	288	317	318	340	352	362	385	417	440	441	461	497	505	507	512	0
12	35	37	42	45	46	51	63	73	76	77	93	104	106	123	131	148	153	182	186	195	204	231	235	248	253	279	282	288	296	302	324	334	338	351	352	357	359	371	398	417	440	508	0
14	15	78	82	89	109	154	155	164	166	171	176	179	188	190	196	230	251	314	320	322	331	345	346	348	349	365	368	384	411	440	450	462	465	469	471	493	508	0
8	10	32	54	76	106	152	221	233	237	250	257	262	274	276	284	294	300	304	321	376	384	399	476	481	493	0
17	19	59	77	102	110	117	118	122	129	138	139	141	152	154	164	173	223	232	237	245	251	309	335	359	368	369	377	434	436	456	461	462	464	465	466	470	0
2	7	24	38	58	59	78	93	100	104	117	156	160	168	181	194	203	209	215	228	241	258	265	278	301	323	330	333	342	343	345	346	380	381	392	404	410	449	471	497	512	0
47	62	74	80	81	84	89	149	158	164	172	192	199	219	221	310	330	332	376	395	413	417	426	429	439	445	455	468	503	509	512	0
13	87	90	98	101	106	127	150	185	230	245	249	263	272	285	291	292	306	322	334	368	374	380	384	387	398	434	435	444	450	454	484	488	502	507	0
13	25	26	38	48	68	82	98	115	122	125	157	216	236	237	296	309	320	322	369	370	372	377	384	394	399	407	424	439	444	450	456	477	487	501	511	0
19	38	51	56	70	89	99	103	127	132	147	154	157	177	190	194	201	204	207	225	238	240	256	257	267	335	360	367	401	409	415	417	424	435	459	474	506	509	0
9	17	19	24	43	78	91	110	113	118	124	146	189	197	205	219	345	383	390	391	397	462	476	479	492	501	0
3	29	30	45	53	81	91	95	110	114	119	157	178	242	264	267	273	277	279	284	291	316	327	342	349	358	374	391	392	394	396	413	420	434	489	491	493	0
1	8	19	22	56	58	82	94	159	235	257	261	290	295	317	330	376	409	414	421	480	482	485	488	503	505	0
6	77	97	129	134	144	151	166	171	183	210	239	251	266	271	274	278	284	317	323	329	360	369	396	435	439	441	473	476	478	479	0
1	6	10	11	15	38	46	75	80	102	128	131	132	149	171	176	185	187	207	231	292	299	321	326	343	355	364	378	401	409	434	479	485	502	0
25	56	73	78	99	100	110	111	119	163	193	198	213	215	219	221	226	249	252	253	280	284	353	360	374	393	416	430	445	459	463	466	468	506	0
9	48	67	72	73	75	89	125	126	128	137	148	156	163	189	209	210	235	237	240	243	244	246	254	270	281	295	330	365	371	378	381	382	400	403	413	449	456	481	496	506	0
40	61	66	73	181	184	243	246	268	270	286	310	361	373	431	432	433	440	451	452	454	466	475	511	0
4	32	64	82	95	125	147	158	189	198	220	241	271	294	305	311	316	320	349	357	364	370	377	378	412	424	434	438	444	449	452	453	0
10	31	46	49	52	87	106	124	159	166	170	188	189	191	206	236	249	274	277	280	284	302	317	342	348	349	360	370	380	392	395	399	412	416	421	454	459	475	499	506	0
1	79	90	93	94	119	146	167	179	193	205	211	236	237	266	333	354	365	371	384	405	421	425	430	438	455	463	464	478	488	491	508	0
24	42	49	73	92	117	121	125	135	153	163	201	203	209	219	250	288	310	379	396	410	446	460	469	498	0
41	42	66	68	87	140	153	200	202	245	252	274	291	313	318	345	379	380	395	399	441	458	478	497	0
1	27	80	109	127	144	151	160	164	179	212	223	227	232	244	269	281	298	320	322	347	364	370	391	403	410	429	441	465	466	469	475	482	484	487	497	0
17	26	54	66	102	119	132	136	149	171	183	198	210	211	213	218	237	244	248	278	322	328	332	371	382	386	388	398	414	450	456	467	470	473	486	496	498	0
12	25	43	93	97	138	160	173	174	183	221	236	256	258	263	267	275	277	283	305	322	354	364	407	416	428	506	0
19	38	74	79	95	109	136	137	138	166	183	186	187	196	201	204	230	238	251	292	294	297	311	315	341	362	389	421	427	428	432	442	461	472	477	500	0
3	16	22	24	34	55	76	123	167	180	197	199	257	269	289	306	307	316	317	344	355	402	410	418	443	478	489	501	0
35	81	114	132	138	157	185	191	208	210	231	244	264	274	283	295	303	316	323	324	338	352	356	392	415	454	472	479	486	492	0
2	10	25	26	54	59	61	115	118	139	158	182	187	189	198	209	214	252	270	302	324	328	389	394	399	401	407	452	470	490	0
4	11	23	53	73	103	109	121	152	158	160	164	165	171	174	214	220	223	249	253	256	267	273	308	313	328	333	334	348	371	386	419	442	444	457	466	467	471	488	508	511	0
12	15	45	59	72	97	103	108	131	138	192	194	196	234	280	285	289	327	334	335	355	373	383	396	397	409	419	474	483	493	495	506	0
22	89	90	97	121	158	175	188	205	236	270	302	306	334	337	372	376	404	426	438	443	479	480	481	489	510	0
7	9	46	75	121	181	189	190	195	205	207	212	219	231	244	291	292	309	330	342	354	358	379	382	385	422	428	445	461	463	479	484	497	505	0
8	13	30	78	79	94	119	127	153	156	167	169	188	211	218	250	255	267	278	289	316	321	346	347	381	402	403	412	453	458	469	490	494	506	0
5	15	53	68	114	130	143	152	169	183	233	256	267	323	331	340	346	374	376	400	408	409	417	443	461	478	0
22	38	52	53	54	58	67	77	88	93	98	100	122	136	149	168	176	180	188	190	192	222	233	235	237	258	259	265	268	308	328	340	358	444	469	486	488	496	0
12	27	43	63	82	95	97	126	131	149	153	162	216	219	228	261	280	300	302	337	345	347	370	386	401	412	431	442	461	463	464	478	0
51	53	70	76	83	93	97	100	101	108	109	110	114	142	147	154	178	187	190	192	198	222	244	253	284	302	305	314	315	316	328	366	391	402	407	408	437	438	450	462	0
13	26	38	40	64	75	84	90	91	98	134	140	152	179	197	198	210	240	249	289	293	321	358	381	406	411	413	457	458	484	495	510	511	0
7	25	38	41	50	73	81	99	101	105	114	115	119	132	141	162	200	226	240	246	252	281	290	335	352	377	398	408	409	412	419	438	452	476	483	512	0
13	35	39	42	47	52	71	91	100	110	139	185	186	211	218	225	252	266	273	287	291	307	310	316	325	341	347	351	365	367	377	384	390	419	442	445	454	468	480	483	489	491	493	0
37	57	63	71	84	133	219	224	262	320	333	350	364	366	389	414	428	434	435	442	487	489	503	504	0
1	23	43	51	60	99	123	158	186	199	202	209	242	261	287	302	337	373	387	428	448	449	473	493	500	0
43	48	65	77	102	108	154	179	185	190	195	234	235	236	240	253	270	312	343	362	368	383	389	402	421	424	451	452	453	498	504	0
7	20	26	36	39	45	49	55	74	96	122	142	148	150	154	165	172	186	189	204	208	216	253	258	268	286	299	300	323	324	325	339	342	355	359	413	422	498	499	0
4	14	75	91	100	114	126	192	197	198	217	221	225	226	228	240	259	266	267	271	290	293	297	333	337	338	370	372	379	395	422	0
33	34	43	76	79	91	126	171	184	197	204	208	213	254	270	288	300	305	316	321	324	336	361	375	387	467	474	486	496	508	0
31	113	135	138	185	187	230	267	326	332	334	357	364	365	367	372	388	394	405	420	430	431	435	436	473	0
30	36	94	112	147	150	171	183	184	198	201	204	210	227	250	261	272	276	288	297	311	330	335	356	384	395	405	424	436	475	503	511	0
26	35	44	56	59	88	119	122	140	144	149	182	183	197	227	274	292	299	304	311	324	340	367	376	378	413	419	422	435	442	469	485	497	0
6	9	26	73	87	101	102	107	112	191	192	234	237	255	273	284	318	345	351	352	354	358	370	406	417	431	458	469	0
26	39	43	46	53	69	123	128	142	173	182	209	214	219	255	272	298	314	327	330	345	348	352	367	369	414	432	438	440	474	504	0
9	35	44	57	69	76	135	144	155	169	185	187	191	194	255	259	265	285	298	310	343	378	381	392	398	404	406	411	438	439	444	451	466	488	495	508	511	0
13	21	47	48	76	78	83	84	92	103	123	124	127	133	135	190	214	216	222	232	239	253	278	300	303	310	390	401	403	443	452	462	479	481	0
8	18	29	58	91	104	110	115	116	151	160	166	228	239	255	258	318	323	326	343	355	364	404	431	444	455	469	478	491	0
31	33	38	42	57	62	73	75	111	115	123	124	145	157	174	196	203	217	226	260	273	274	278	331	332	346	362	386	394	403	428	436	445	472	480	483	484	487	493	0
17	36	49	57	71	86	106	121	175	188	195	221	224	233	249	268	289	331	346	388	389	402	408	418	484	502	0
7	12	16	19	37	48	55	63	74	97	102	118	134	137	145	173	177	200	211	214	216	217	224	234	241	290	300	302	344	348	365	395	443	447	461	467	472	0
7	12	22	26	82	98	115	125	127	153	190	195	198	202	209	245	272	286	319	322	326	348	349	355	379	392	406	426	453	489	511	0
5	50	62	68	69	74	75	95	136	147	152	177	186	200	205	208	262	264	265	269	284	285	308	320	322	323	347	353	377	384	410	411	441	471	473	500	0
2	6	30	31	44	45	73	76	96	101	104	115	117	152	160	161	185	201	229	238	252	281	295	297	298	317	335	384	420	438	453	472	477	497	0
16	33	46	52	77	80	111	131	134	136	143	201	209	233	251	253	261	269	326	339	342	364	395	401	411	430	447	476	492	0
21	26	36	42	52	73	75	78	83	104	126	136	143	146	153	167	195	212	213	222	272	283	303	310	326	328	372	387	395	400	407	447	475	489	504	0
7	13	24	44	75	77	88	98	117	127	135	155	166	181	186	191	199	205	212	217	277	307	313	353	354	363	418	448	463	470	474	496	502	503	509	0
10	21	41	51	61	81	88	95	107	137	149	159	170	182	198	261	274	275	277	283	298	305	335	344	349	393	415	416	428	449	452	469	474	506	512	0
1	15	46	67	68	91	106	117	129	156	169	196	218	237	264	266	272	278	304	316	357	358	387	412	417	419	421	427	450	478	484	499	0
3	14	18	23	38	42	92	98	100	123	130	131	163	179	199	216	217	250	257	295	299	338	364	374	391	404	431	436	439	477	484	491	502	504	0
17	77	108	122	154	187	191	200	212	214	239	242	246	247	253	256	257	262	306	308	320	328	336	338	360	375	419	420	431	441	0
5	28	38	40	44	56	94	103	135	139	150	188	220	229	242	263	271	280	283	322	357	378	382	383	388	392	412	417	429	451	467	478	0
18	24	27	32	88	102	120	129	141	142	194	195	245	247	290	306	313	323	339	349	352	372	373	384	386	388	414	418	468	510	0
18	68	75	81	105	124	136	145	178	201	202	220	221	288	305	307	346	349	351	368	377	378	443	447	454	457	472	480	484	0
7	18	33	39	60	63	67	75	121	130	147	162	175	218	244	260	266	280	298	345	362	389	393	405	415	416	418	420	438	446	449	472	474	512	0
18	22	41	47	48	52	75	78	92	122	128	134	145	162	241	242	245	254	257	276	298	315	328	339	348	349	367	370	409	410	472	473	478	490	492	0
29	31	52	93	99	121	156	189	224	236	248	250	254	303	317	336	344	349	352	354	393	431	447	449	494	507	509	0
4	11	14	30	34	86	88	119	121	128	135	172	185	188	203	214	222	229	270	284	302	326	345	376	381	390	402	423	432	435	446	506	0
24	47	85	141	174	175	207	241	256	297	307	318	334	343	348	353	373	415	426	431	447	473	475	496	509	0
2	15	28	48	65	72	75	77	83	121	143	148	166	190	191	199	201	231	239	244	266	270	288	298	310	341	376	400	401	402	403	415	428	434	467	474	483	500	0
30	45	66	77	92	93	96	98	141	148	199	214	216	244	251	258	282	297	321	352	355	367	369	428	444	454	457	0
24	92	124	134	169	171	172	202	204	213	246	257	263	283	298	321	323	325	376	393	399	400	406	448	477	486	488	511	0
2	41	42	58	98	101	103	150	159	177	247	253	255	259	283	308	312	315	321	352	367	402	410	457	459	465	481	0
7	15	23	29	31	41	47	66	95	122	142	149	156	159	188	191	216	230	253	262	264	268	274	281	284	290	292	296	339	348	390	432	442	460	477	484	495	501	507	509	0
9	15	19	48	52	57	61	71	77	87	112	146	184	188	201	212	213	220	228	234	241	298	361	379	381	383	425	429	430	467	504	0
9	11	17	24	107	124	153	163	165	168	176	190	201	212	231	234	241	274	275	277	281	296	317	321	326	351	358	369	370	382	430	463	504	0
19	20	25	29	58	67	69	70	94	109	111	112	114	125	126	177	208	225	257	313	325	361	385	404	416	435	510	0
41	45	73	82	87	105	110	118	127	138	144	193	195	272	305	314	320	324	331	339	340	341	366	378	391	415	457	466	492	0
27	38	64	80	89	91	93	104	130	138	147	150	159	172	177	201	220	245	265	272	280	282	293	315	370	375	384	386	400	403	427	438	454	465	473	485	488	499	505	508	512	0
2	11	47	56	91	93	108	116	120	126	135	150	182	188	213	226	227	258	259	273	279	284	286	311	337	340	341	350	363	367	373	404	412	417	420	469	475	483	489	0
35	45	53	55	58	96	121	136	139	169	190	203	232	234	258	293	332	333	357	387	407	423	437	441	444	458	465	471	480	482	484	0
20	21	53	74	83	84	100	121	124	128	146	149	157	178	208	214	228	240	243	287	319	324	332	355	380	402	408	418	419	436	454	466	469	480	486	500	508	0
44	46	60	71	91	96	101	122	129	146	151	168	170	189	209	217	229	246	255	295	352	371	401	414	415	429	444	454	0
9	14	31	51	53	89	110	112	126	129	131	138	154	170	194	218	223	224	227	230	274	284	317	328	336	340	402	426	452	461	492	498	511	0
10	41	50	103	107	127	128	142	222	225	242	243	265	286	287	294	295	316	323	333	343	365	376	393	419	425	432	439	446	453	460	497	503	0
23	72	104	109	123	154	164	171	172	173	192	203	279	291	293	307	313	322	325	326	327	333	339	344	347	367	371	418	420	445	447	471	491	0
10	27	38	51	68	74	99	104	128	166	168	175	187	198	245	256	274	283	288	300	316	344	351	405	415	422	442	459	482	502	0
8	16	26	46	51	61	65	77	150	151	154	165	175	190	192	201	202	208	211	214	215	217	233	240	281	300	312	313	320	329	384	386	394	420	423	434	460	463	486	489	0
17	21	28	29	30	31	33	36	79	91	136	157	161	181	189	212	238	245	252	256	259	289	296	302	325	328	349	372	380	381	382	389	405	436	437	444	473	475	489	0
1	4	12	15	19	30	50	76	95	99	110	116	165	192	199	204	222	223	256	261	277	279	294	309	313	345	357	358	362	374	417	433	449	455	467	489	494	502	504	511	0
58	85	90	91	101	106	112	124	141	142	163	166	171	173	177	199	200	204	267	290	299	302	308	312	326	335	336	345	437	470	477	488	506	512	0
24	32	34	35	61	63	73	97	99	100	108	125	133	149	158	169	173	197	206	215	225	231	311	327	335	342	362	371	380	386	398	412	443	497	0
13	26	28	37	53	63	95	102	174	181	185	192	194	199	207	228	229	266	304	305	327	357	377	388	406	425	428	431	447	461	470	0
25	41	62	63	65	68	85	122	123	128	142	169	172	173	185	199	244	248	256	280	366	367	381	387	421	442	445	451	454	465	473	493	502	0
7	14	16	18	41	66	78	106	125	174	198	213	214	228	236	238	244	264	282	301	316	333	343	377	380	402	412	433	445	456	465	468	479	500	504	508	511	0
10	59	76	87	163	183	193	209	216	220	221	229	269	300	310	321	339	360	362	411	432	456	486	502	0
20	41	77	107	113	115	135	146	150	199	207	229	240	248	312	328	350	364	373	389	391	430	443	455	461	465	491	508	0
4	23	27	75	82	89	107	118	129	135	138	155	168	175	220	235	237	242	273	346	354	356	380	399	413	437	438	453	455	476	492	511	0
32	72	99	100	114	147	160	175	200	211	224	235	249	267	341	344	359	377	380	391	395	409	413	425	439	454	475	485	497	502	0
50	60	87	90	122	161	163	169	174	181	183	198	208	214	221	255	265	272	275	292	294	324	349	350	363	414	477	486	487	510	511	0
9	21	93	95	108	110	169	194	214	227	232	247	353	391	407	413	441	450	479	0
27	47	57	100	119	126	127	141	151	173	174	177	180	187	206	221	232	238	253	274	288	299	324	325	349	367	390	393	437	463	477	488	0
9	31	33	36	46	55	75	86	97	109	123	143	184	191	224	232	234	254	258	262	270	318	343	344	345	349	350	383	391	406	423	442	444	470	474	507	0
6	24	38	53	82	114	115	151	162	165	188	189	195	249	261	279	287	304	312	323	340	351	358	366	375	401	407	419	473	482	496	0
3	43	51	61	73	74	87	102	118	126	136	174	183	186	210	211	236	239	273	274	337	413	443	475	510	0
32	44	82	86	106	117	123	124	132	141	153	170	184	185	195	199	200	243	291	298	307	315	347	387	402	440	441	472	474	475	476	494	497	507	512	0
50	60	92	127	132	146	148	167	175	195	209	212	236	258	259	266	270	294	296	321	324	347	365	368	384	387	392	394	405	407	466	484	491	497	498	509	0
2	7	24	40	41	67	72	76	97	98	167	190	197	207	208	215	220	222	226	240	247	267	293	317	325	357	364	398	399	416	449	457	458	463	467	473	482	485	0
6	28	38	58	59	71	74	96	100	120	150	156	158	160	185	188	189	203	215	220	221	234	235	248	250	274	317	342	371	380	396	409	438	444	466	472	477	482	0
7	39	41	46	75	81	82	105	128	130	132	162	180	184	202	206	223	263	298	321	347	348	369	386	393	407	412	421	430	496	0
9	17	39	90	101	142	160	169	170	177	210	237	272	279	296	299	321	353	356	363	367	380	383	389	392	446	457	465	470	471	475	483	503	508	0
32	42	53	71	103	111	118	153	189	230	275	286	300	346	347	358	360	369	386	405	417	422	452	479	490	494	499	0
5	16	17	23	45	46	48	65	93	126	133	158	198	212	217	220	225	228	231	240	251	254	263	276	281	291	304	306	318	322	333	339	362	364	365	387	397	451	479	486	494	496	508	0
9	17	43	55	66	67	69	80	136	153	157	162	164	168	172	212	238	283	285	287	289	308	313	315	344	364	368	369	382	401	406	449	455	464	510	0
1	21	37	49	56	102	117	118	123	160	180	184	203	232	249	273	287	298	299	309	311	314	344	363	376	380	387	401	417	432	441	451	466	0
23	42	60	62	67	92	98	143	153	155	159	167	173	191	214	215	229	249	277	294	308	341	347	361	367	369	409	422	449	451	452	453	469	499	504	0
3	18	22	36	98	133	144	171	172	196	204	205	214	237	264	285	315	323	329	384	402	413	435	0
9	12	25	74	77	109	110	148	154	158	210	215	240	247	253	268	274	305	325	333	334	335	341	367	390	407	409	413	414	423	476	494	496	502	505	509	0
9	11	23	52	53	58	104	120	135	140	144	168	176	177	195	197	199	213	219	228	245	251	268	300	312	324	327	348	357	370	393	402	434	436	474	486	501	0
12	14	31	39	41	43	60	67	130	158	204	213	218	222	231	254	267	268	273	279	280	294	317	364	378	384	385	394	412	455	476	494	498	502	0
11	12	15	20	67	82	120	132	134	148	200	209	220	253	257	269	270	289	293	307	335	365	368	423	453	459	464	471	486	512	0
14	23	39	50	56	63	92	101	114	131	135	180	188	196	205	209	211	214	231	265	269	285	295	317	331	380	400	419	450	482	497	500	501	0
33	57	64	71	100	151	152	160	172	176	182	195	257	272	289	306	315	318	332	343	361	369	374	382	388	395	402	419	501	0
3	14	27	42	73	120	127	131	142	158	163	195	223	228	280	281	292	293	318	319	322	340	342	354	392	410	416	427	469	472	504	0
26	27	71	72	90	103	116	125	136	138	144	145	155	172	177	191	196	205	206	237	239	246	255	313	323	341	368	370	376	396	413	415	423	427	464	481	485	486	489	493	498	504	512	0
1	27	56	102	127	128	150	155	183	197	200	202	238	243	244	245	265	285	294	308	317	352	357	358	365	387	395	432	445	446	456	485	489	0
3	9	39	50	51	61	67	84	86	116	130	135	161	205	267	282	287	298	306	361	371	372	379	383	400	409	418	428	447	495	0
1	30	37	43	82	112	116	123	130	138	158	161	167	169	177	179	186	207	225	235	238	258	268	300	305	312	324	362	378	382	389	393	406	416	419	426	431	443	448	464	494	0
25	41	62	89	95	130	135	136	138	146	160	188	205	209	227	238	239	243	253	258	274	287	381	408	411	428	447	455	469	472	483	497	501	0
37	62	67	93	113	137	139	144	146	149	200	232	264	272	284	331	389	413	415	417	420	423	440	498	499	0
5	10	12	69	94	109	113	131	132	142	143	151	193	195	196	211	223	265	306	308	316	332	351	390	395	431	445	452	455	457	459	461	463	465	482	0
8	12	39	51	73	120	163	167	183	188	209	222	226	244	247	248	280	297	301	305	330	338	347	398	421	426	481	0
6	7	8	46	95	97	117	121	123	135	146	155	163	169	172	207	231	242	251	298	319	387	392	400	408	430	443	455	470	471	484	497	511	0
1	11	27	29	48	75	108	126	184	195	197	216	217	228	235	238	291	296	317	326	354	362	374	426	433	447	452	464	504	0
33	39	57	60	76	81	104	172	193	242	248	265	268	282	301	318	326	389	429	435	438	470	497	504	0
11	18	19	30	64	73	146	154	159	166	187	216	254	271	301	310	339	347	360	367	376	386	400	413	418	431	444	467	476	487	502	511	0
3	42	54	70	101	133	137	144	185	195	220	244	249	254	261	280	302	334	341	345	371	399	400	431	442	452	470	482	0
17	38	66	87	89	102	124	167	226	231	233	244	260	281	319	327	371	378	386	393	398	411	425	429	442	452	456	460	471	500	0
8	28	50	61	62	63	72	86	87	140	144	149	170	176	191	196	207	212	233	242	246	259	273	309	316	321	331	353	369	401	402	430	439	453	455	470	491	492	507	0
9	18	24	32	54	84	86	119	147	150	154	159	178	204	206	212	230	239	253	264	291	300	376	377	408	422	429	436	437	449	450	461	462	463	473	482	496	0
5	14	17	22	23	44	51	65	78	81	85	90	98	112	137	138	150	153	181	207	211	216	219	233	281	288	307	308	313	361	383	389	393	407	408	436	442	468	511	0
35	38	63	78	80	82	97	101	149	172	204	216	222	242	244	256	280	291	323	337	345	348	352	378	404	419	432	433	455	460	487	492	0
31	36	51	63	66	75	85	90	105	131	146	180	202	212	216	225	257	261	280	281	291	295	296	299	340	347	373	393	453	467	481	485	505	507	509	0
2	4	8	23	28	39	56	69	71	73	94	106	112	118	119	124	148	153	166	173	176	189	192	201	217	218	233	253	286	293	302	310	314	347	351	376	396	427	475	497	0
47	53	55	56	66	70	82	111	127	133	148	153	156	188	209	221	223	236	242	260	276	299	340	356	358	362	395	427	464	479	494	511	0
30	33	39	46	70	73	75	81	91	96	114	120	125	132	152	193	197	198	215	299	319	327	330	341	376	380	388	393	397	402	496	0
12	56	65	88	90	101	105	114	118	147	160	169	183	215	241	243	254	288	323	341	349	358	359	367	375	376	392	394	397	423	432	436	457	504	0
18	30	43	68	73	75	83	88	130	132	134	137	188	205	206	210	214	244	254	274	278	298	348	349	373	393	396	416	492	494	500	508	0
11	13	14	22	25	52	57	122	140	175	179	190	221	225	234	239	272	277	278	313	315	316	343	344	352	361	364	402	466	483	503	506	0
6	37	42	46	68	90	107	128	137	145	260	273	304	343	352	404	410	415	430	436	438	491	0
31	36	38	70	81	94	96	100	107	122	148	150	151	163	167	168	175	178	181	227	228	249	255	271	281	295	317	342	343	344	377	414	422	431	454	487	0
6	7	12	24	30	39	63	68	93	103	161	166	169	175	183	203	217	254	279	286	291	292	356	386	419	427	440	451	459	462	471	487	507	0
47	64	76	83	84	87	136	152	163	170	178	190	203	212	218	226	231	256	289	306	309	355	378	399	425	440	442	459	482	483	0
3	12	26	52	55	61	66	75	76	83	86	96	102	131	139	144	157	190	203	206	208	258	313	325	332	334	360	380	416	447	452	488	498	499	501	510	511	0
10	14	26	43	64	80	101	104	114	115	134	135	137	138	141	150	163	206	229	231	250	283	313	317	319	327	332	384	388	455	468	497	512	0
2	59	77	95	97	105	135	143	150	165	170	174	227	231	237	242	267	306	313	360	369	382	385	404	415	418	458	473	479	0
46	58	63	86	98	99	108	114	119	120	123	132	188	202	210	239	298	329	400	403	421	425	439	461	466	489	492	498	0
4	10	14	59	80	96	108	116	132	154	170	187	201	215	217	235	271	296	302	320	323	352	355	357	376	379	386	398	435	478	492	493	498	504	0
42	58	93	112	125	130	153	159	196	197	198	240	274	287	300	306	319	350	352	371	375	376	382	384	388	390	424	451	471	473	474	475	488	497	499	506	0
28	32	38	46	63	82	84	86	116	134	135	161	164	184	186	214	219	233	244	259	281	298	299	312	319	320	341	373	417	419	433	445	472	486	0
2	15	47	57	69	70	97	101	161	166	169	171	173	192	220	234	284	318	321	344	345	350	357	359	368	369	378	379	461	473	492	505	0
11	22	27	56	136	146	154	169	184	192	198	199	213	234	247	248	323	325	340	354	370	385	387	395	421	428	462	464	482	500	505	0
3	7	8	22	46	51	70	113	137	141	152	172	177	183	185	210	223	228	236	242	246	283	284	310	316	322	358	362	371	396	397	419	449	452	464	468	479	490	496	505	0
9	12	13	15	65	82	84	97	121	126	132	144	152	198	234	277	295	302	325	330	346	397	403	416	433	441	442	469	499	512	0
42	53	58	66	80	89	96	99	127	140	151	165	166	173	176	189	210	250	290	308	342	366	370	379	382	385	394	397	399	400	423	445	464	492	495	0
8	11	29	30	36	50	53	61	65	76	86	149	155	162	192	201	207	209	218	229	235	254	273	277	290	317	359	398	430	431	432	454	484	487	504	0
22	24	25	57	61	71	78	95	132	143	149	166	175	185	227	248	252	270	302	332	348	354	370	401	434	470	510	0
9	10	13	60	70	100	101	105	119	120	133	151	157	158	183	184	187	197	215	220	224	244	245	247	250	267	289	294	301	314	346	347	353	359	377	393	402	404	422	444	451	464	480	501	507	511	0
18	26	52	61	84	100	116	119	124	139	163	164	206	230	234	236	246	255	270	281	285	293	325	334	338	346	348	350	367	380	388	409	439	442	476	478	488	501	0
34	66	67	89	91	95	105	112	115	126	132	139	144	145	160	161	166	192	204	216	222	227	290	306	308	311	332	347	371	390	398	406	430	447	448	457	459	462	489	501	0
8	29	42	52	132	136	152	153	160	162	190	191	202	212	222	236	246	267	276	282	312	314	347	353	357	370	371	386	387	390	411	434	462	467	478	498	499	507	508	0
26	28	37	45	74	82	91	95	104	115	118	140	178	180	185	186	187	214	225	233	298	324	353	394	399	415	427	493	507	508	0
24	31	36	83	93	95	101	104	127	132	157	178	188	196	202	220	231	255	275	315	318	341	377	402	409	449	460	0
61	71	78	103	109	128	164	188	197	210	254	274	299	306	338	357	367	394	415	421	435	474	480	483	0
6	8	9	27	36	43	47	52	58	70	74	79	89	163	185	204	226	246	258	288	289	294	314	322	338	340	341	394	398	413	419	427	431	441	443	491	0
9	33	37	55	67	106	108	119	123	140	142	152	153	157	165	181	205	212	217	224	225	237	242	246	252	267	283	299	302	370	396	423	426	431	432	442	467	505	511	0
3	22	40	43	52	62	83	94	108	140	144	146	153	189	193	229	238	274	283	287	290	311	337	347	360	363	366	425	448	455	486	498	509	0
37	73	75	91	100	112	129	134	152	164	176	186	214	215	223	242	248	252	278	308	325	329	349	360	389	421	442	447	448	461	466	476	488	0
1	24	32	37	41	60	67	128	134	154	168	175	189	207	222	235	277	296	303	333	360	387	395	423	456	501	504	0
33	79	94	95	111	128	143	147	212	220	243	253	298	319	381	402	413	414	423	426	439	444	453	468	0
19	25	26	46	78	83	121	129	136	157	172	187	193	216	220	321	349	371	381	413	452	461	477	484	497	0
6	22	52	77	83	93	124	152	176	182	197	219	235	237	259	273	289	293	312	348	354	370	393	411	423	426	428	455	477	492	509	0
22	36	60	86	87	124	128	145	173	195	200	211	214	236	241	249	256	259	276	311	313	328	354	356	357	366	376	400	414	430	442	461	465	478	496	0
42	74	83	92	119	126	137	139	157	163	168	178	195	207	238	249	281	337	346	396	461	469	483	484	497	504	0
14	23	36	98	106	112	127	137	140	141	160	199	210	221	234	257	271	294	296	300	317	334	368	378	379	381	394	411	420	423	455	458	482	483	490	502	0
5	6	9	21	25	32	36	39	44	63	85	118	128	156	184	213	238	280	310	319	327	369	377	384	413	418	436	450	452	453	479	486	496	497	0
20	33	38	51	65	70	114	120	136	157	164	166	177	182	197	199	200	217	241	245	268	276	295	306	338	351	414	428	439	446	471	472	475	486	492	494	505	510	0
21	28	41	60	91	125	145	146	147	159	174	243	263	265	268	290	294	327	367	384	439	442	458	0
17	40	72	73	94	99	132	182	183	185	188	204	216	251	260	272	285	310	346	360	425	438	441	454	457	470	474	481	486	490	512	0
68	81	88	95	119	120	125	147	153	193	205	206	208	213	229	251	281	282	328	347	361	391	424	459	478	510	0
18	22	38	49	53	73	81	142	143	153	172	178	202	210	223	226	273	276	278	318	341	349	374	376	392	404	419	428	437	453	456	459	497	502	0
11	17	20	32	45	56	57	62	69	81	111	139	149	151	189	207	213	215	227	239	242	245	247	314	315	319	326	335	350	403	406	454	460	465	468	491	492	500	0
3	6	18	25	35	40	41	45	53	57	61	73	88	103	142	155	161	169	200	220	226	244	246	250	253	266	272	292	301	306	352	367	397	421	430	431	433	436	451	475	480	509	512	0
4	14	15	25	28	35	46	63	98	133	139	146	158	170	172	173	178	221	228	230	277	281	288	300	321	334	335	344	348	360	401	409	464	479	0
33	50	91	92	105	114	149	169	173	184	193	201	236	245	247	262	277	290	300	308	316	319	325	361	379	409	412	422	423	435	469	480	492	496	503	0
29	46	53	76	77	81	83	126	132	141	152	157	162	203	243	273	287	293	294	306	319	320	332	354	380	383	391	397	410	415	417	422	435	456	479	488	505	511	0
15	42	55	95	110	113	119	120	191	227	231	302	308	309	315	325	326	352	371	382	406	434	443	482	492	496	498	0
8	24	48	80	105	106	110	129	142	177	179	183	186	189	200	207	220	222	236	254	265	299	401	410	450	451	462	464	476	501	507	0
4	6	9	53	54	126	129	150	170	173	191	224	232	240	261	285	308	309	314	343	384	387	388	415	423	430	433	445	457	506	0
18	37	53	60	61	65	70	75	109	114	115	138	139	170	176	181	182	186	192	204	212	237	246	260	273	308	364	370	378	413	430	442	447	463	469	475	480	504	511	0
7	24	26	30	41	44	59	96	107	110	123	131	133	163	170	212	231	236	239	274	284	299	301	321	322	332	347	355	389	418	434	454	458	468	480	481	498	502	503	0
22	32	53	54	77	105	116	127	169	183	207	213	215	219	220	237	244	247	264	317	330	349	361	379	383	386	409	420	435	448	465	490	498	0
15	105	107	117	145	152	162	176	206	212	236	239	246	253	260	286	301	314	321	331	348	420	449	461	0
37	38	61	111	138	141	153	176	179	206	211	222	272	278	293	337	345	371	376	390	414	416	417	420	424	442	454	457	478	488	506	0
1	3	10	18	25	35	44	52	56	67	76	94	143	148	159	160	181	195	227	228	251	254	255	261	331	340	353	364	391	412	416	422	462	474	0
17	23	26	40	58	71	86	104	111	153	199	209	212	237	255	259	278	284	305	322	326	334	335	337	366	396	417	422	424	470	471	496	497	0
3	26	39	41	50	63	99	115	157	163	177	233	234	249	262	289	296	357	372	400	410	417	445	449	450	474	492	496	505	0
23	26	52	59	66	77	78	98	133	211	220	222	272	284	294	301	327	328	375	402	422	447	457	458	459	484	486	0
16	38	52	67	75	81	82	91	99	105	117	118	146	162	165	173	184	188	224	237	247	258	284	293	313	315	318	319	342	364	379	381	411	413	453	488	497	502	0
6	23	27	29	36	53	84	110	111	147	157	164	180	181	191	192	196	210	218	242	249	315	319	346	353	374	378	386	389	401	406	412	420	425	432	433	486	495	0
11	26	29	71	88	89	90	92	117	127	144	169	195	213	217	249	250	264	265	279	285	307	309	310	360	408	424	429	432	436	441	457	463	473	495	0
46	62	67	72	105	113	131	133	134	138	186	197	227	257	263	281	287	290	310	329	330	332	352	355	390	421	424	431	433	434	442	458	469	470	485	499	506	509	0
8	15	24	31	40	46	49	64	104	105	110	116	121	165	167	187	229	256	267	275	280	298	302	304	311	394	401	415	424	457	460	465	470	486	498	508	0
8	19	28	32	42	62	73	82	92	115	124	125	147	151	172	173	198	219	253	262	264	275	283	295	298	332	338	349	395	399	423	432	439	445	458	465	481	511	0
1	16	35	73	83	90	117	124	133	151	183	204	226	227	250	281	299	310	323	330	349	394	421	427	440	488	0
4	11	36	93	109	182	189	194	233	244	247	264	269	311	344	361	370	377	386	389	412	427	432	434	481	486	0
17	25	28	32	49	74	80	86	99	102	134	148	181	187	243	249	267	291	311	312	384	409	414	417	431	440	455	0
32	37	40	79	97	105	118	147	239	251	258	265	290	291	304	361	369	383	401	409	421	430	450	459	484	492	0
44	62	106	116	154	157	232	256	302	321	339	346	349	389	399	434	447	451	455	459	483	511	0
48	65	97	103	118	139	161	174	184	246	255	258	260	276	278	306	334	338	345	349	399	405	470	475	478	485	509	510	0
8	11	24	34	42	73	90	97	123	129	144	166	170	175	179	232	242	255	262	303	338	358	361	363	366	376	402	406	461	465	489	490	510	0
18	29	50	57	78	83	103	109	114	137	151	237	282	293	297	312	313	331	357	373	382	396	405	413	443	446	449	471	479	486	495	497	0
1	16	19	46	48	62	67	71	72	83	85	135	143	152	164	171	200	212	215	220	257	261	270	284	306	318	330	333	349	365	379	428	430	431	453	455	485	492	509	511	0
3	7	54	73	82	94	118	162	163	164	172	179	231	232	288	292	312	322	348	363	395	402	431	436	438	449	455	458	461	501	0
1	20	35	60	64	97	99	140	165	166	260	299	308	318	337	357	365	371	373	383	385	406	415	424	430	456	465	466	468	470	0
7	14	53	54	66	69	81	84	112	114	147	151	165	211	213	267	295	296	306	307	327	332	391	393	414	416	424	428	431	447	455	484	491	503	0
3	5	8	17	18	50	55	83	106	180	195	202	229	276	295	308	324	343	344	352	373	381	392	398	401	406	407	424	425	454	458	464	470	475	482	0
44	86	89	96	100	103	122	123	144	155	167	174	193	233	237	248	252	277	292	293	324	327	331	345	385	386	387	417	440	441	476	502	512	0
2	48	67	78	88	93	124	142	149	159	164	183	194	210	226	235	240	244	276	277	289	292	296	306	318	320	330	344	348	388	402	447	449	456	457	464	472	485	499	502	505	0
31	32	33	40	50	56	59	65	87	93	102	118	120	128	131	146	149	153	162	173	192	203	218	221	245	353	372	408	412	434	446	456	474	475	496	0
62	102	120	144	156	217	257	258	324	328	334	359	369	390	413	482	490	495	505	0
17	19	40	86	110	157	189	215	227	231	235	264	271	273	317	362	415	459	0
36	37	48	56	62	101	102	120	134	160	193	208	210	223	238	239	272	273	288	316	336	343	367	369	372	390	394	395	412	419	420	431	481	484	496	511	0
9	42	50	61	71	91	93	103	192	193	222	235	248	250	264	298	318	325	339	345	377	378	383	398	423	437	466	475	495	0
7	38	48	124	130	134	148	155	164	196	255	315	340	352	359	377	378	391	396	407	420	425	458	459	481	0
5	16	32	52	56	68	74	106	109	123	138	164	168	176	181	186	187	230	257	289	292	296	307	369	384	403	453	471	503	512	0
4	9	37	53	60	77	98	118	120	132	157	168	182	185	187	195	204	213	228	234	238	256	259	290	308	322	331	334	346	359	385	390	392	402	404	456	491	0
6	8	19	38	115	123	139	171	179	215	234	266	283	340	343	346	444	446	467	501	0
17	25	35	62	65	100	102	106	116	117	131	158	199	207	220	221	258	282	286	293	303	332	335	346	355	370	387	398	400	406	409	417	444	450	466	0
29	37	40	48	50	52	56	75	88	97	112	118	124	128	174	205	207	245	250	252	253	267	310	314	332	348	357	365	418	444	455	482	496	500	508	0
8	14	44	68	90	97	158	161	166	170	213	233	243	255	312	317	322	324	335	350	351	374	440	475	0
6	14	19	26	54	82	96	124	129	156	188	196	247	283	290	333	354	400	431	435	461	502	0
78	80	126	129	148	158	159	171	173	203	221	240	256	320	338	359	365	379	429	469	475	486	504	512	0
37	38	58	84	86	108	114	131	146	185	191	219	238	268	277	308	312	318	330	333	339	340	341	342	367	387	389	410	426	438	439	448	450	455	480	483	508	512	0
10	15	18	23	29	64	68	71	76	94	133	158	165	167	197	212	219	226	251	273	280	318	323	333	358	369	371	379	386	391	399	403	493	505	507	0
13	14	21	32	33	49	77	83	95	107	118	135	209	210	214	221	232	239	256	262	281	286	298	318	350	360	374	418	424	444	492	508	0
3	22	44	48	59	70	78	130	150	157	178	184	186	187	196	261	262	307	332	358	360	365	367	369	372	390	398	417	432	437	450	454	463	466	499	0
1	8	13	14	21	31	44	51	63	70	87	118	144	168	196	237	268	272	273	280	298	300	356	365	378	381	387	390	406	415	453	476	484	486	488	499	0
6	15	24	76	83	123	125	130	152	165	168	188	213	226	240	248	253	266	272	283	294	295	321	348	351	361	390	403	419	434	443	445	461	481	482	483	497	0
20	31	32	36	40	55	63	129	134	144	151	160	164	170	212	219	229	232	240	252	293	313	320	323	356	363	378	410	421	433	473	505	509	512	0
5	22	26	35	49	53	65	98	104	127	129	166	187	195	208	231	258	270	271	293	308	324	332	339	376	381	382	423	444	470	492	0
8	38	45	118	120	133	151	155	178	187	202	223	229	251	270	273	280	299	304	305	339	417	422	426	445	449	450	460	472	0
27	63	83	86	98	113	115	176	266	385	396	422	424	437	438	439	441	443	450	468	476	481	487	495	0
60	89	90	98	102	109	110	114	116	119	150	154	159	171	177	192	201	204	216	224	257	258	278	290	292	307	330	333	349	355	356	358	382	402	455	483	506	0
51	82	87	104	135	146	155	159	187	189	190	204	218	220	242	245	259	269	296	312	338	356	374	395	408	411	413	415	458	468	470	482	485	0
8	31	40	74	82	84	91	95	131	132	140	156	163	172	184	203	229	238	239	292	309	310	346	349	368	407	441	442	476	493	503	0
31	35	42	139	176	179	180	212	237	245	247	252	319	392	412	438	447	457	458	480	0
38	56	66	69	74	75	80	95	112	133	135	181	188	202	208	211	220	241	257	263	324	352	414	417	420	437	450	451	465	499	503	0
11	35	65	91	100	111	223	265	283	316	329	335	353	380	395	411	419	421	422	458	488	492	501	511	0
10	26	40	87	103	137	148	157	194	257	262	296	308	318	337	342	361	364	372	388	412	423	444	487	495	506	0
25	28	55	62	75	84	102	108	122	137	162	172	176	250	296	328	351	366	371	398	429	488	495	507	0
4	10	25	27	36	44	64	69	105	107	157	167	171	175	197	200	203	214	218	231	237	240	264	267	270	273	316	352	375	403	405	422	448	453	456	477	489	497	0
4	5	17	64	78	101	108	113	130	150	165	185	255	270	280	291	298	313	320	327	329	330	337	371	380	408	435	447	449	463	503	511	0
67	73	97	105	117	135	158	160	170	175	185	209	214	222	239	241	243	244	269	271	281	288	295	304	352	369	377	427	440	456	464	465	483	488	0
9	11	13	41	45	70	134	159	183	197	241	243	255	300	330	338	377	410	416	423	429	437	439	454	487	504	0
10	22	43	54	58	78	90	91	100	114	140	180	188	207	230	233	255	256	259	284	300	346	353	356	360	374	389	396	404	413	414	415	420	458	463	464	486	495	0
55	63	86	87	124	136	159	214	221	227	257	260	261	327	349	353	363	371	391	415	438	442	443	472	475	493	498	503	0
16	34	81	117	132	135	141	148	163	172	204	215	226	261	266	268	285	288	299	345	353	356	357	385	411	422	447	461	471	476	491	494	497	504	511	0
59	67	101	107	121	130	132	134	158	169	185	193	198	199	200	227	253	266	294	307	326	336	348	352	399	429	439	445	484	485	494	510	0
13	21	39	75	89	122	159	188	212	215	219	236	243	247	284	322	331	360	378	456	459	470	478	486	0
26	63	75	110	117	123	150	158	161	167	193	217	236	241	253	254	279	329	392	394	397	420	424	437	446	458	483	500	0
8	9	26	33	48	55	64	65	71	75	78	84	103	129	131	139	175	183	193	207	239	277	303	306	346	356	362	385	387	391	392	398	409	411	413	422	443	468	473	481	0
29	32	36	37	49	50	56	64	98	111	120	128	152	153	164	166	170	178	195	199	210	229	246	276	285	335	340	344	345	348	351	372	382	401	403	419	421	441	451	472	494	0
14	28	33	34	37	59	88	92	113	147	157	167	168	179	205	217	235	253	267	269	273	278	288	289	290	304	336	338	342	380	393	416	423	425	438	454	469	478	482	0
7	96	126	168	177	182	190	199	203	204	224	230	236	239	240	253	254	301	322	324	333	339	348	387	392	409	449	456	485	489	490	0
28	39	45	55	60	79	97	105	122	132	202	204	240	273	287	294	307	328	372	379	383	394	399	405	414	441	0
27	40	51	71	76	84	115	116	117	120	140	151	154	155	183	205	225	238	245	247	263	293	325	388	396	405	418	421	439	452	461	471	474	491	497	0
2	39	44	45	60	61	62	96	97	106	130	157	168	207	219	245	250	268	281	285	314	319	354	379	382	416	435	470	484	490	504	0
42	50	65	72	82	92	97	107	116	129	148	161	169	186	191	202	206	259	289	294	324	342	382	431	444	451	498	502	505	508	0
4	27	38	65	66	82	84	87	122	126	144	146	151	163	172	216	271	272	275	285	295	302	319	323	327	343	352	386	388	399	411	428	487	505	506	508	0
3	28	78	82	116	121	130	133	146	152	162	198	206	208	213	222	239	241	278	321	349	351	362	395	436	438	452	467	487	490	496	507	0
1	26	51	85	92	96	99	100	112	120	130	135	178	179	236	241	250	313	409	417	420	442	491	496	497	500	512	0
1	48	68	89	130	136	137	163	182	190	199	230	232	252	270	272	307	311	324	330	383	392	396	400	414	417	418	422	423	425	474	488	495	504	0
16	20	23	29	61	66	67	73	75	100	105	110	128	133	141	227	234	252	275	305	320	335	374	396	403	421	449	461	471	484	498	507	0
2	20	28	32	36	50	132	161	201	222	256	303	307	315	332	364	382	386	417	462	491	500	507	0
42	43	49	53	70	86	89	176	190	208	246	256	259	267	273	288	298	307	309	327	348	350	384	394	411	442	445	454	455	465	479	506	0
8	16	22	39	72	93	94	122	166	174	183	247	249	266	272	281	314	366	379	382	401	421	429	430	433	448	468	0
29	31	43	61	85	93	125	126	167	175	198	199	211	214	240	245	256	258	270	283	284	291	295	329	344	354	414	420	421	423	428	436	447	457	493	0
36	42	57	67	79	83	125	129	130	139	157	162	223	267	286	288	289	298	319	340	375	377	392	438	462	478	498	499	506	0
6	38	44	67	68	69	85	113	162	181	198	213	229	238	250	264	275	281	336	387	388	389	405	466	471	475	485	497	512	0
13	14	16	34	41	46	68	77	86	98	102	135	136	162	165	236	238	250	283	285	303	317	328	347	361	381	388	415	435	439	450	472	475	478	486	498	0
23	27	84	105	111	128	135	277	313	318	334	345	359	384	478	512	0
11	34	69	74	80	83	124	149	186	221	228	248	250	269	304	307	350	363	412	433	450	452	481	487	489	491	502	506	0
20	26	38	65	83	104	105	176	213	218	219	231	258	264	265	287	299	309	318	353	357	363	365	388	390	396	397	408	449	450	470	473	490	494	509	0
11	82	99	107	110	118	122	130	140	157	180	263	278	288	295	296	319	358	365	405	410	434	458	459	480	484	503	0
10	37	72	73	87	122	124	128	148	168	187	189	206	219	249	279	282	288	317	333	355	356	357	374	409	464	0
63	78	114	122	124	143	160	162	169	181	190	191	204	217	219	235	288	408	422	436	438	453	455	505	0
2	34	42	48	56	70	82	99	136	153	168	195	209	253	288	304	318	323	352	386	388	394	415	440	459	472	512	0
22	34	42	51	81	90	92	113	129	139	147	167	193	194	195	243	271	277	282	324	384	406	448	490	494	509	0
4	11	25	64	95	102	111	130	131	143	147	158	159	193	195	205	238	260	271	273	317	332	349	384	395	419	443	461	488	0
11	13	39	42	47	59	74	88	89	109	112	134	135	147	181	186	205	248	264	272	278	312	317	336	374	435	456	0
15	20	32	39	42	71	72	93	94	108	142	156	208	212	213	228	233	254	263	281	282	283	300	310	316	354	357	358	379	404	450	487	0
1	3	27	60	71	74	78	97	130	150	151	154	156	160	176	180	187	188	212	214	215	221	234	245	335	362	384	385	395	465	466	488	0
8	24	39	56	67	89	95	96	110	113	118	154	163	186	192	211	213	226	238	247	268	273	284	293	313	317	319	330	418	455	458	486	495	0
39	48	55	56	96	102	107	108	110	111	133	144	146	147	191	192	222	225	235	246	258	259	263	264	267	298	300	311	325	344	374	383	384	388	417	423	433	444	445	496	505	0
10	32	36	79	124	141	144	147	203	205	213	236	285	290	330	337	358	369	379	381	389	410	445	458	476	486	512	0
6	7	12	32	34	38	78	88	108	120	131	148	175	188	231	285	293	305	317	325	353	384	403	422	426	428	448	452	453	457	463	491	496	500	0
27	37	38	65	77	88	89	107	111	115	117	127	170	186	193	194	202	203	237	241	256	271	279	302	306	308	313	324	342	358	360	364	372	382	383	454	455	485	509	0
1	34	52	97	101	113	145	155	183	212	215	216	249	254	274	303	310	311	312	338	351	355	361	371	378	379	394	395	413	432	441	450	457	477	487	491	503	0
3	9	18	57	62	70	88	101	111	142	168	178	206	211	226	227	240	286	322	332	346	364	368	372	384	420	424	429	443	457	460	464	494	496	509	0
33	51	64	68	82	92	96	115	126	197	202	245	256	283	298	340	353	361	401	409	412	466	469	0
11	20	65	86	142	155	189	196	227	292	294	298	299	310	312	316	340	358	370	397	423	428	453	468	497	0
34	38	55	85	103	106	125	134	137	152	163	170	202	205	215	218	227	251	266	269	284	312	338	340	346	371	408	409	439	446	467	0
1	48	70	73	76	88	103	120	134	148	156	170	189	191	207	265	289	291	298	339	346	350	352	356	361	362	371	376	384	397	411	429	430	433	435	448	479	481	0
3	20	36	38	41	82	143	191	205	210	212	275	279	281	287	336	362	368	443	491	495	0
3	8	21	25	46	50	52	56	105	140	156	180	198	200	221	222	223	233	238	255	290	291	310	314	352	373	391	408	410	429	442	462	472	480	487	501	0
5	25	54	84	119	121	160	167	171	185	193	234	239	246	260	262	265	293	304	335	353	355	358	378	389	396	428	437	446	449	469	503	506	0
12	23	37	63	81	93	109	134	136	140	157	172	178	189	207	276	316	325	347	358	359	405	420	435	450	451	487	0
9	101	124	144	155	159	221	265	268	294	311	337	338	376	377	392	411	424	433	448	452	458	467	475	501	507	0
6	14	15	25	32	51	55	60	62	79	85	92	99	104	141	152	157	158	164	193	244	249	253	304	329	352	354	371	385	419	423	433	462	471	505	0
16	17	19	21	39	53	57	78	85	95	129	151	157	165	170	267	269	284	287	291	292	338	339	370	374	377	446	450	461	467	474	503	0
14	16	24	75	79	122	138	148	209	221	227	250	265	305	331	433	443	448	454	467	498	508	0
3	25	46	78	85	87	89	110	115	117	124	130	138	146	155	160	162	180	191	213	218	232	237	277	288	291	431	448	458	459	463	470	485	492	493	0
9	26	39	41	44	81	108	151	158	165	169	205	229	300	354	359	374	383	396	412	415	417	443	449	471	497	0
21	41	45	50	89	115	120	154	156	158	160	167	183	200	205	230	262	275	277	280	289	291	308	350	370	372	403	422	448	450	468	489	498	507	0
8	24	29	31	34	45	55	56	60	74	83	88	110	120	123	163	169	206	209	211	215	220	226	244	260	283	356	365	369	371	373	376	385	387	405	418	422	447	479	482	484	508	0
38	53	57	61	67	127	130	136	153	171	181	182	203	207	214	215	225	241	248	269	289	305	307	311	353	357	358	364	370	382	406	409	413	415	448	498	503	0
19	45	69	83	85	100	107	133	171	251	274	277	291	304	317	320	352	354	369	381	403	416	418	421	438	440	460	462	476	480	491	498	504	0
16	18	22	29	54	68	80	107	113	124	141	187	192	204	266	269	271	360	370	382	384	438	473	0
2	6	24	25	44	48	52	72	104	134	167	178	235	254	285	290	299	310	328	340	345	349	365	368	387	388	391	394	422	432	476	478	484	0
20	84	105	123	148	191	203	252	306	333	386	387	402	410	432	449	461	464	471	503	0
12	22	40	43	49	69	72	87	112	114	116	129	159	169	180	184	188	190	191	202	203	227	235	248	265	295	358	363	370	398	404	450	451	455	461	485	508	511	0
10	41	45	55	77	78	97	108	137	139	143	184	195	212	217	230	260	278	279	308	309	333	363	365	397	399	425	455	481	482	499	501	0
17	51	53	55	87	90	106	108	122	164	172	182	186	197	205	229	244	254	278	279	292	294	314	353	361	403	413	418	426	449	455	468	482	487	488	497	507	0
10	21	58	59	70	83	96	119	171	202	205	209	229	239	246	253	267	287	289	320	322	331	346	350	353	404	478	490	500	504	0
21	42	44	56	59	126	133	136	139	142	143	153	155	159	166	190	198	213	240	303	307	318	393	409	414	438	457	479	0
28	42	53	71	76	90	112	119	133	138	173	224	225	229	253	271	292	295	335	350	372	386	407	411	443	448	455	456	461	471	477	487	488	492	0
3	29	53	61	70	106	120	133	158	167	172	200	203	209	241	266	295	298	317	322	323	329	331	352	371	373	388	396	401	424	427	456	503	0
17	47	68	81	106	119	147	155	171	185	240	246	262	269	278	320	327	349	352	368	398	446	452	466	468	480	483	509	0
18	33	39	40	44	45	57	78	86	97	98	107	123	132	151	161	164	199	203	230	232	243	261	280	330	336	343	344	347	349	351	354	358	373	427	433	434	449	467	470	481	484	492	499	0
37	70	121	164	200	206	209	269	272	281	297	312	316	347	364	370	388	402	504	0
15	30	31	61	67	74	93	107	123	132	136	154	156	180	182	196	202	215	246	254	260	272	289	324	329	342	375	381	399	422	440	460	477	486	487	0
7	11	14	21	44	80	84	100	103	125	138	150	151	157	159	170	177	206	215	223	243	272	283	288	292	316	319	334	370	374	375	396	408	424	439	487	495	496	0
3	21	61	85	94	106	107	137	167	190	199	203	213	243	273	304	321	324	334	335	338	342	349	374	382	385	415	423	432	439	461	469	473	497	504	508	510	0
16	19	63	66	79	81	94	109	133	141	155	172	174	179	185	222	245	254	260	263	288	310	334	350	361	402	410	422	424	432	468	498	507	0
47	78	91	112	118	146	162	175	203	214	215	248	256	275	277	281	291	292	293	338	428	429	430	437	449	458	477	0
14	47	48	60	75	104	122	141	143	145	147	234	240	249	270	279	289	311	316	360	374	419	422	432	450	460	494	495	500	505	0
19	42	48	56	65	90	96	106	151	155	168	177	191	235	271	281	301	315	316	319	327	333	363	402	407	423	426	428	430	439	459	489	497	512	0
52	102	109	111	116	129	146	154	163	172	182	185	187	190	192	212	226	270	318	380	420	433	439	450	467	472	494	504	509	511	0
5	13	26	45	48	66	85	93	132	151	164	191	209	216	218	219	229	257	259	277	315	320	330	342	353	374	409	421	0
9	10	43	56	59	83	86	95	99	100	143	167	170	175	189	206	223	258	268	277	299	303	325	344	347	353	396	409	429	451	459	463	495	500	0
22	25	48	50	58	68	153	169	188	192	207	220	228	250	266	279	297	310	321	327	328	338	361	368	382	387	395	403	421	439	462	491	508	0
4	10	11	14	47	68	157	190	191	207	208	209	237	240	315	338	356	358	377	420	437	447	499	0
11	38	44	61	77	90	136	152	176	182	202	210	214	219	271	278	283	291	305	316	376	383	401	408	410	411	425	439	440	470	471	477	0
3	4	40	45	56	59	66	116	142	152	181	197	209	216	258	263	264	289	313	320	324	377	386	416	419	436	441	451	458	461	466	477	487	490	492	493	496	511	512	0
53	72	100	114	116	123	166	171	177	180	181	201	209	227	251	283	286	327	408	416	444	447	460	480	0
7	12	15	21	34	46	51	66	74	91	99	114	127	148	158	159	183	211	238	242	254	257	262	271	317	331	355	382	398	409	453	477	478	480	486	0
20	29	64	71	75	81	94	112	114	117	126	128	139	150	161	163	167	183	190	193	212	217	224	252	265	268	273	281	298	375	385	389	392	424	442	457	502	0
1	17	53	60	71	91	93	114	123	201	208	236	280	289	293	306	317	328	351	369	372	378	396	450	470	472	476	477	483	494	505	0
3	15	29	42	69	90	92	104	121	124	186	194	200	212	235	281	310	346	376	379	412	434	438	453	466	485	486	487	491	501	506	512	0
5	6	15	57	85	86	109	131	133	151	156	264	266	306	320	321	334	339	362	370	408	419	421	469	490	506	0
9	10	14	20	28	33	36	76	88	90	96	116	137	147	158	172	214	236	241	254	265	269	271	283	292	343	371	417	422	445	450	468	479	481	483	491	496	497	0
8	18	45	62	66	75	100	125	145	148	151	154	162	185	271	279	300	381	392	433	437	440	441	454	0
3	5	12	25	72	75	77	94	126	173	177	184	185	255	274	299	307	338	341	357	360	387	398	400	405	414	441	443	453	465	0
11	46	49	51	68	72	77	110	143	153	160	162	171	213	217	238	239	246	261	262	283	316	319	326	340	355	357	371	380	394	395	401	414	415	428	438	443	445	0
7	27	42	58	60	64	97	110	117	168	194	240	242	251	288	294	309	339	350	360	375	389	398	423	430	435	477	490	505	0
12	39	76	90	97	99	140	173	182	215	226	229	253	299	303	312	316	324	330	358	363	381	398	417	438	440	466	498	0
2	35	55	56	71	74	77	103	106	124	136	139	154	164	239	249	254	260	274	277	301	304	337	355	368	404	453	462	500	0
43	48	53	76	82	87	142	143	145	149	161	162	169	174	180	219	224	225	230	244	253	266	275	299	310	316	353	371	378	431	483	508	0
15	21	22	27	30	49	61	79	89	107	127	144	162	195	224	227	231	248	261	270	302	310	320	327	332	380	408	409	431	462	478	484	498	503	504	0
34	36	46	65	102	109	113	114	122	127	131	169	174	194	200	216	218	240	243	257	269	276	292	299	310	311	335	342	368	371	388	409	444	456	467	501	507	0
52	56	62	102	109	121	152	168	172	192	198	208	248	249	270	309	318	322	372	399	400	440	444	457	487	497	512	0
8	12	26	27	37	38	43	46	72	88	103	106	124	134	156	159	174	204	240	248	250	251	261	272	283	291	296	302	326	327	329	349	368	406	411	420	448	471	473	498	0
4	15	25	64	94	101	107	109	126	130	171	180	200	230	245	284	290	321	327	348	370	372	378	425	453	465	486	489	505	0
7	22	67	68	77	78	87	103	105	126	129	148	166	167	172	186	196	204	207	219	235	277	293	303	317	344	364	391	399	405	420	421	422	428	447	451	453	454	467	481	0
18	19	20	22	48	85	98	105	109	124	130	132	174	229	246	247	248	254	277	279	302	310	315	326	332	354	362	393	397	417	419	434	437	459	466	502	510	0
5	49	56	57	63	81	103	138	154	176	201	206	218	222	237	256	259	262	294	303	317	321	328	331	332	372	394	396	405	419	432	437	448	459	461	463	466	468	479	485	493	0
70	82	83	87	131	156	160	184	195	212	239	240	249	250	252	296	297	303	306	312	316	327	341	351	369	370	374	386	389	391	406	419	425	451	461	462	476	495	499	512	0
7	20	23	112	125	132	147	162	165	169	174	191	209	220	223	224	226	229	239	243	258	278	295	304	309	318	327	332	349	356	364	388	392	410	437	455	462	492	0
2	8	36	45	46	55	81	86	203	234	248	250	255	256	257	269	270	271	290	297	315	354	363	382	387	389	402	425	452	453	454	494	0
1	3	19	57	119	129	137	143	182	197	201	221	233	254	271	279	318	327	377	398	418	422	424	439	458	470	508	0
28	31	32	36	43	69	96	113	128	172	176	178	220	224	226	288	296	351	378	392	436	445	449	457	478	479	483	497	507	510	511	512	0
26	63	103	123	168	169	188	189	196	216	219	259	260	308	382	384	447	455	476	482	483	498	0
6	10	26	29	62	63	70	79	80	93	102	114	115	137	171	173	206	226	231	235	267	270	324	332	351	356	361	390	392	409	419	441	456	0
2	19	20	31	43	60	106	119	127	179	182	184	255	287	305	309	313	331	354	358	360	390	395	465	485	487	504	507	511	0
31	52	57	85	99	119	120	141	154	177	183	194	210	214	227	237	243	244	262	267	269	331	358	390	392	410	490	492	0
26	27	54	74	85	88	92	104	105	111	113	137	172	175	180	181	195	210	219	220	237	256	261	267	268	270	277	286	323	367	413	414	435	447	455	467	496	0
20	28	54	63	89	112	118	129	140	159	170	186	191	210	220	254	255	258	260	291	353	374	375	388	389	391	421	489	509	0
54	134	139	178	186	204	208	237	243	254	256	294	331	337	349	358	363	364	366	384	393	407	437	446	456	458	495	509	0
24	31	33	34	41	44	48	51	55	79	114	132	163	211	215	241	245	256	260	263	274	293	339	384	404	420	459	465	498	507	0
23	34	44	46	50	79	85	87	112	121	161	179	202	218	239	240	246	286	307	322	335	345	358	362	410	431	438	449	467	469	0
18	22	28	34	41	85	86	93	104	126	133	163	184	185	191	194	230	237	255	268	325	332	341	399	426	443	444	463	469	0
7	75	125	133	135	142	146	184	235	278	291	297	302	309	315	361	390	397	407	420	421	423	433	470	476	480	481	0
1	20	55	57	69	75	77	89	90	98	109	123	142	153	179	194	233	268	288	297	301	311	318	325	333	341	372	373	380	404	409	411	435	450	456	457	501	0
11	24	43	45	50	90	104	129	143	183	201	213	224	231	232	258	288	297	309	313	321	335	357	387	388	392	393	396	398	425	472	473	477	488	507	0
19	37	38	39	54	89	150	174	196	197	259	261	272	285	308	342	372	386	398	407	411	416	459	473	510	511	0
23	37	50	59	60	97	105	125	145	150	159	208	219	233	255	272	297	300	317	320	353	399	407	408	428	446	453	466	469	483	491	0
5	31	63	67	74	78	79	87	118	131	138	147	181	182	185	197	208	213	220	222	227	232	244	248	256	300	311	326	330	360	402	443	444	0
18	64	69	72	91	95	108	136	141	149	172	177	219	241	266	293	297	311	316	344	354	359	366	368	381	408	409	436	442	466	467	484	508	0
2	3	44	45	55	67	73	90	92	115	125	127	133	147	153	180	212	224	282	283	284	290	295	304	323	349	400	415	416	436	442	447	471	489	509	0
1	4	43	52	70	78	93	130	138	139	170	175	204	209	243	251	258	293	296	313	330	349	350	406	409	426	451	456	466	476	503	508	0
14	58	109	112	129	155	170	231	266	274	282	315	357	361	365	383	433	441	460	468	469	475	0
95	99	100	108	111	113	130	137	171	173	178	198	214	222	244	252	263	270	273	301	307	312	332	370	397	400	419	427	431	444	0
23	26	27	34	80	101	116	172	214	221	222	246	288	306	331	343	351	358	363	366	367	369	371	381	417	421	457	489	490	0
13	22	42	53	55	80	102	109	111	134	152	158	160	184	207	217	247	251	266	268	273	296	307	319	328	338	361	368	375	378	384	390	426	435	507	0
15	23	27	39	44	45	61	75	103	145	166	184	230	242	251	262	283	288	291	296	297	302	335	337	338	346	353	362	365	369	376	391	393	403	406	438	466	0
4	22	26	28	30	54	81	90	106	138	157	159	160	196	203	212	237	242	263	302	317	323	362	376	395	399	419	422	445	473	478	485	0
54	55	66	77	81	91	102	128	156	160	175	178	181	182	198	207	225	230	321	325	337	351	363	383	424	455	488	496	497	0
1	19	26	55	71	81	96	98	129	142	160	165	183	187	224	230	235	253	267	280	292	306	341	351	356	401	404	408	412	418	419	424	441	465	490	495	0
15	21	44	54	56	65	78	108	115	123	126	127	138	143	195	210	233	236	245	248	271	291	309	318	330	352	366	407	419	424	458	499	507	0
43	57	92	134	141	142	158	164	173	175	177	183	186	199	221	226	229	261	263	267	268	270	284	288	298	330	341	348	352	376	377	378	381	423	427	431	452	496	498	509	0
41	45	53	61	139	140	170	182	223	235	240	269	273	274	281	306	308	314	319	345	381	382	415	428	433	438	445	457	499	0
1	9	14	67	76	108	115	117	122	152	155	175	191	214	233	243	248	252	255	257	273	301	332	351	353	354	380	402	416	426	438	448	456	471	492	498	0
9	12	18	59	71	76	88	125	152	200	229	232	245	252	256	258	268	271	279	299	301	303	310	315	339	348	350	363	367	390	399	425	433	454	466	470	489	499	505	0
11	22	35	36	46	52	56	117	131	165	175	196	197	214	234	235	252	262	263	276	279	314	339	342	367	392	395	420	421	434	440	467	483	486	492	0
2	9	25	26	58	118	129	132	182	186	217	236	257	296	354	372	386	391	400	446	466	471	475	477	479	495	510	0
3	16	34	37	41	63	70	72	74	95	128	137	141	175	184	201	205	222	225	227	228	247	265	268	286	293	312	321	328	344	365	375	376	381	388	399	421	422	485	504	0
8	39	41	47	75	91	184	196	206	214	215	242	249	329	333	360	364	372	396	412	414	422	423	467	491	0
12	34	52	57	70	74	101	120	132	146	152	175	184	244	255	291	307	310	351	367	395	421	436	470	485	506	510	0
9	24	41	57	74	158	165	169	172	178	189	206	207	209	212	238	242	271	273	308	310	340	354	375	476	490	494	500	501	506	0
13	21	26	27	39	41	60	117	123	125	138	139	141	155	175	227	236	246	257	258	265	269	302	308	330	347	408	418	429	434	453	471	498	0
21	41	52	54	60	67	90	122	126	151	153	159	193	201	222	269	278	283	291	334	347	355	383	399	404	411	420	421	441	443	445	450	458	460	475	496	497	500	0
18	20	33	61	67	84	95	106	114	119	134	152	180	187	215	220	282	325	357	363	365	366	384	393	415	419	431	435	443	459	462	488	0
2	15	43	52	78	107	139	185	199	207	224	236	245	269	297	299	316	331	356	369	378	383	389	406	421	446	492	506	510	0
14	39	58	60	71	73	87	88	92	102	124	126	160	168	173	208	228	239	244	256	287	318	355	361	388	405	435	436	441	446	481	509	0
10	19	26	30	41	61	66	101	135	137	147	155	177	179	181	183	211	233	250	256	257	264	269	271	295	299	314	322	338	367	384	398	403	425	437	458	463	476	487	497	511	0
4	34	39	42	67	97	125	130	155	165	177	182	196	203	231	250	266	280	312	321	328	334	364	368	375	381	398	417	444	457	460	465	483	496	0
18	19	34	36	63	65	93	95	98	108	109	110	150	153	168	173	204	231	273	296	311	317	335	342	360	393	403	439	498	504	0
8	11	50	61	80	85	97	110	113	123	133	138	148	152	184	200	203	205	255	294	316	338	373	388	417	439	440	451	490	510	0
16	46	68	84	89	101	102	109	114	147	150	163	203	218	233	249	251	274	321	327	365	505	506	512	0
13	31	54	56	60	86	100	113	124	133	143	149	150	155	188	203	231	237	244	264	271	274	278	285	287	311	334	335	363	446	460	466	481	491	0
9	40	47	50	77	99	142	150	162	164	180	213	222	242	272	292	297	300	312	350	372	374	403	422	427	437	445	464	470	483	486	502	503	506	509	0
45	63	98	104	116	118	135	144	146	153	225	226	306	353	381	386	390	398	399	401	403	410	439	460	480	481	485	501	504	0
28	33	34	50	57	59	64	72	74	92	103	106	110	202	213	215	227	234	248	264	314	318	333	335	336	374	379	401	414	426	451	489	493	494	511	0
30	31	47	50	51	65	69	70	91	139	145	156	157	189	200	207	230	238	240	266	330	358	370	380	406	421	426	460	491	0
20	22	25	49	69	78	93	108	125	126	212	218	237	239	244	245	288	301	339	360	372	383	400	401	437	477	502	0
20	40	53	69	91	117	169	176	187	233	245	258	260	277	279	293	297	316	337	358	377	384	406	419	437	469	475	477	502	0
15	30	49	60	125	131	148	152	153	166	175	181	184	197	206	229	241	271	275	284	293	299	318	370	377	378	427	494	501	0
9	68	77	78	93	114	124	155	173	193	197	218	228	229	263	288	293	298	308	315	383	403	406	413	426	427	441	459	471	476	493	506	510	0
2	17	21	44	60	70	76	93	94	103	104	108	118	125	151	177	210	225	228	252	262	270	277	292	313	322	328	339	370	374	384	414	443	491	511	0
23	35	49	51	87	123	143	152	169	170	187	256	264	267	273	299	313	319	334	352	367	376	404	421	429	451	461	463	477	495	501	0
28	61	65	73	84	116	126	132	140	144	157	163	165	169	204	221	230	231	233	252	254	257	260	266	287	292	310	314	335	348	350	386	401	404	418	459	476	489	0
14	45	60	79	93	144	180	186	195	196	210	297	304	309	324	325	337	346	353	360	362	378	381	386	387	399	404	416	429	470	489	0
11	35	44	49	57	67	73	90	116	123	135	146	198	203	213	222	240	248	253	259	292	303	305	308	327	344	347	378	381	439	452	467	493	0
27	48	64	69	78	79	96	100	124	132	133	134	169	170	201	214	265	306	319	337	369	392	418	432	444	448	458	478	486	487	506	0
1	66	71	110	156	207	229	233	246	265	275	319	322	325	338	343	379	399	405	410	430	448	453	464	473	492	493	497	502	0
4	7	10	29	48	57	78	92	104	130	141	151	183	194	219	236	270	281	312	321	326	329	337	351	353	359	372	396	404	406	441	462	475	479	484	494	0
11	47	65	99	110	122	128	142	183	186	192	201	202	205	209	226	231	236	239	241	251	262	267	290	295	303	367	381	384	399	423	430	457	459	468	490	496	0
2	33	39	40	48	68	78	80	93	138	169	202	216	289	300	311	332	367	399	421	478	483	488	490	0
71	111	134	150	156	157	162	164	172	189	192	231	312	313	317	338	343	354	391	393	403	424	464	478	482	491	499	508	509	0
1	10	18	26	29	34	68	76	90	118	171	209	254	255	266	275	278	297	304	305	310	327	348	359	387	391	395	422	433	453	460	485	0
3	13	21	53	61	73	84	101	113	148	154	157	162	184	190	207	227	230	239	241	250	251	274	277	284	325	326	349	351	354	387	399	406	431	452	455	466	471	492	502	0
1	18	25	27	28	31	37	42	59	60	70	87	98	129	136	143	150	151	166	173	177	179	188	199	203	225	228	230	235	250	253	266	293	306	312	321	326	334	356	368	378	388	392	406	416	426	452	466	470	490	0
19	33	58	61	81	82	128	151	164	169	174	198	201	202	215	221	241	245	246	257	311	323	328	333	335	366	369	371	372	389	411	414	417	427	434	455	457	465	472	0
56	82	103	123	156	160	174	198	203	208	215	256	273	291	292	302	333	377	384	397	422	454	456	458	494	0
25	63	80	97	114	126	139	166	182	192	206	236	284	315	326	329	351	379	391	395	412	464	466	0
6	11	22	31	36	45	47	64	118	163	166	167	173	198	212	213	214	223	242	268	282	303	360	363	377	404	415	438	464	477	482	485	504	507	0
9	24	33	44	51	94	101	104	131	134	138	140	143	162	164	180	229	235	245	253	272	273	286	323	337	402	420	476	480	481	490	496	0
27	43	49	79	86	101	129	155	193	239	245	270	280	300	302	307	311	339	353	361	365	371	375	382	414	445	476	0
17	21	27	79	81	89	100	104	119	120	134	139	160	168	169	178	179	191	202	210	223	228	244	287	309	312	322	327	372	379	385	388	393	414	429	461	472	477	501	508	0
15	17	37	49	70	123	162	187	205	206	207	220	231	240	251	273	275	289	294	323	324	341	349	364	391	403	410	418	458	474	0
29	34	46	52	53	56	62	68	71	102	112	135	193	203	243	248	256	298	304	324	330	333	337	361	404	405	463	464	468	474	476	483	489	0
37	44	111	118	147	150	183	187	196	212	215	216	242	289	305	325	328	329	363	369	378	389	415	426	429	434	439	449	454	501	0
1	11	29	38	39	57	67	84	90	123	126	139	141	155	157	192	215	216	257	284	288	290	323	324	366	370	376	388	396	413	425	443	445	494	504	0
5	10	27	32	43	46	101	111	113	118	151	162	187	221	226	237	256	264	267	294	338	343	352	354	383	393	432	433	444	455	469	476	494	0
6	9	14	69	76	107	121	144	149	158	198	211	231	234	264	265	313	388	420	426	440	460	463	468	473	483	0
10	36	45	54	67	76	86	90	96	116	128	134	139	142	144	177	180	185	189	198	212	220	240	244	258	263	267	277	303	307	312	376	393	399	426	429	440	470	478	484	0
1	5	18	37	42	43	77	102	109	123	135	150	165	169	199	208	233	237	272	280	287	288	294	326	334	336	342	350	392	399	404	416	422	426	474	0
