512
343	0
14	425	0
67	0
0
275	341	349	498	0
161	0
46	116	224	452	477	0
73	212	406	0
37	76	379	0
149	0
0
396	0
21	412	493	0
2	81	429	0
105	0
240	287	460	476	483	0
0
111	0
152	292	452	472	0
27	314	0
13	235	279	0
78	309	330	0
138	316	0
111	307	0
0
0
20	242	497	0
405	0
52	288	441	0
404	420	0
0
0
78	125	0
318	334	476	0
89	230	233	0
50	124	436	0
9	132	0
467	488	0
54	152	302	408	0
369	381	479	0
69	156	0
404	0
69	106	364	0
145	409	436	0
276	359	507	0
7	0
51	219	394	0
300	461	0
0
36	473	0
47	58	396	0
29	246	381	441	0
305	353	489	0
39	184	0
136	224	298	382	488	0
68	460	0
176	321	389	0
51	172	408	0
333	443	0
69	0
0
0
268	436	0
0
117	198	0
186	0
3	435	0
56	136	0
41	43	60	328	0
120	164	0
449	0
142	437	470	504	0
8	244	366	0
377	413	508	0
79	0
9	287	0
123	415	0
22	33	200	233	0
75	222	235	459	468	482	0
277	326	476	0
14	223	377	510	0
306	429	475	0
421	0
257	302	459	0
277	356	0
110	235	0
231	0
99	120	185	230	0
35	125	295	317	0
487	0
285	462	0
197	223	421	443	0
161	0
200	317	354	0
437	456	0
101	0
229	0
329	0
88	0
261	295	0
96	480	0
139	239	0
473	0
0
15	0
43	113	329	494	0
417	418	0
111	165	176	479	0
477	0
86	390	0
18	24	108	136	159	488	0
441	0
106	458	461	0
118	231	296	0
276	305	0
7	156	186	459	493	0
65	510	0
114	213	374	0
0
70	88	147	163	171	207	0
156	0
220	233	0
77	244	0
36	215	0
33	89	139	0
411	510	0
280	347	414	504	0
129	0
128	255	292	0
420	0
0
37	250	0
184	224	0
225	0
361	397	0
55	68	111	370	414	0
344	0
23	0
102	125	0
0
0
72	209	0
191	0
0
44	309	429	0
212	420	0
120	392	0
260	365	0
10	0
415	0
267	435	0
19	39	333	0
423	0
0
0
41	116	121	451	480	0
255	454	0
321	423	0
111	183	289	395	483	0
417	0
6	93	200	412	0
242	273	0
120	164	221	0
70	163	0
108	0
195	210	0
0
343	509	0
0
242	331	402	452	466	0
120	231	322	441	0
58	0
325	0
0
285	442	0
57	108	191	0
193	197	399	0
506	0
195	295	403	0
212	482	0
331	0
251	0
159	502	0
54	133	478	0
88	0
66	116	236	436	465	0
393	0
224	0
349	0
458	0
143	176	215	0
0
177	273	307	0
393	0
166	179	265	425	0
272	0
92	177	0
65	0
239	361	481	0
78	94	161	353	0
320	0
270	0
303	426	0
354	0
289	0
0
120	377	0
283	315	380	384	432	489	0
142	240	0
166	318	333	0
0
8	146	180	380	401	0
118	447	0
304	0
124	191	0
0
265	0
0
47	270	0
122	472	0
163	441	0
79	223	311	0
81	92	222	0
7	55	133	188	423	0
134	246	299	0
496	0
0
0
97	0
35	88	0
87	114	171	0
0
35	78	122	0
245	320	397	0
21	79	86	481	0
186	308	367	487	0
0
0
102	199	299	426	506	0
16	209	0
343	0
27	162	170	396	510	0
353	0
73	123	326	0
234	295	0
52	225	0
427	0
422	441	0
0
132	474	0
182	0
0
387	430	0
0
129	157	0
0
84	0
0
292	308	0
148	415	439	0
100	460	487	0
417	496	0
369	0
0
195	217	436	451	0
298	0
151	0
63	0
0
202	219	408	0
486	0
196	0
162	193	414	0
0
5	302	0
45	115	330	495	498	0
80	85	441	0
389	392	0
21	329	435	0
127	0
448	0
442	0
208	308	0
344	502	0
91	175	0
504	0
16	76	0
29	456	0
159	205	0
422	492	0
355	0
19	129	259	0
433	0
0
89	100	179	245	0
114	0
399	0
55	266	404	464	0
225	239	390	0
48	0
370	0
39	84	275	408	0
203	388	0
214	376	0
53	115	0
82	0
24	193	382	501	0
236	259	283	0
22	145	344	0
427	0
222	323	363	486	0
429	512	0
436	0
20	0
208	0
23	486	0
89	94	470	0
34	210	0
0
201	234	445	0
57	158	0
171	0
311	435	0
337	342	426	0
173	0
80	244	0
0
69	0
98	106	279	0
22	276	0
170	181	511	0
338	359	500	510	0
59	152	210	0
34	381	420	0
0
0
324	390	0
332	0
415	447	0
0
5	403	457	0
324	0
1	168	241	0
137	284	309	489	0
414	0
381	0
127	439	0
0
5	189	0
0
475	0
400	0
53	200	243	466	0
94	204	401	488	0
291	0
85	0
501	0
0
45	332	0
417	0
135	199	366	0
492	0
311	370	489	0
43	458	461	0
148	0
73	361	436	0
236	0
0
40	263	0
136	301	363	480	485	0
0
475	499	0
0
118	0
438	0
304	387	455	0
74	81	207	0
393	0
9	0
208	212	481	0
40	52	334	346	0
55	307	0
0
208	0
0
0
253	376	429	462	464	0
303	447	0
57	278	0
110	299	337	411	0
0
147	278	406	0
187	194	378	0
47	0
159	0
12	51	242	0
135	234	430	434	0
0
177	297	0
352	463	0
212	354	416	0
170	423	469	0
179	341	0
30	42	298	0
28	0
8	392	0
0
39	58	270	302	0
44	439	0
457	0
126	390	489	0
13	161	0
74	491	0
127	136	273	345	0
77	150	260	339	0
401	0
107	160	262	360	0
107	0
463	485	0
30	130	146	334	0
83	92	0
248	290	0
153	158	224	402	0
0
2	195	0
203	239	324	0
247	310	0
0
14	82	145	312	387	502	0
253	397	444	0
0
208	0
293	0
397	0
67	151	279	323	0
36	44	63	186	265	313	366	0
72	95	0
375	0
260	347	409	0
454	0
29	52	112	171	221	248	277	0
175	282	0
59	92	0
430	502	0
320	0
0
213	339	388	0
281	0
71	0
0
156	265	0
7	19	170	0
0
157	440	0
376	0
95	288	461	0
341	410	0
113	190	364	471	0
79	84	116	0
16	56	261	461	0
48	113	364	456	460	0
91	387	0
400	419	0
298	387	0
186	485	0
170	353	0
38	0
79	0
402	0
72	317	0
458	0
19	220	0
50	103	0
250	0
82	351	372	0
16	34	80	0
7	109	0
184	0
40	108	0
101	156	370	0
199	235	380	0
79	180	509	0
16	159	0
0
370	419	465	0
271	311	316	0
90	236	261	0
38	55	111	354	0
53	208	344	363	411	0
0
413	0
290	362	0
13	116	0
106	0
276	0
226	262	0
27	0
5	276	0
372	0
332	0
307	357	0
183	284	429	444	0
0
72	127	286	0
0
178	239	0
45	0
74	0
168	482	0
81	117	126	242	332	0
331	0
312	0
