64
7	12	13	18	24	25	31	32	34	35	36	37	43	44	45	52	53	60	61	63	64	0
4	6	10	13	15	23	28	33	46	51	55	60	0
6	10	18	20	22	25	30	36	42	48	50	54	56	57	62	0
2	12	16	18	25	29	31	33	38	47	48	54	58	60	0
13	14	32	35	37	46	49	55	60	63	0
2	3	8	9	11	22	24	25	26	33	34	41	43	46	47	50	56	59	0
1	11	12	13	16	18	19	20	30	33	36	39	49	51	58	60	0
6	9	13	14	16	17	18	19	20	22	23	26	29	36	39	40	41	46	49	52	53	55	56	60	63	64	0
6	8	11	16	17	19	20	38	43	45	48	52	56	59	0
2	3	11	25	33	46	53	54	58	61	0
6	7	9	10	19	20	22	26	30	32	35	38	46	50	52	54	55	57	58	59	0
1	4	7	14	18	21	22	23	24	32	33	37	39	40	46	60	0
1	2	5	7	8	18	19	37	40	41	43	49	52	54	56	58	0
5	8	12	21	23	30	31	36	37	39	40	44	49	54	57	0
2	18	26	31	35	37	39	40	45	47	49	51	54	0
4	7	8	9	19	36	39	40	43	44	45	46	48	51	55	56	61	63	0
8	9	19	21	31	32	37	49	64	0
1	3	4	7	8	12	13	15	21	23	25	32	35	38	43	47	53	56	57	63	64	0
7	8	9	11	13	16	17	20	34	49	52	53	56	0
3	7	8	9	11	19	26	35	38	41	42	47	49	50	58	60	0
12	14	17	18	24	25	28	34	39	46	48	52	53	62	0
3	6	8	11	12	24	31	34	37	38	40	45	48	57	64	0
2	8	12	14	18	26	28	33	35	40	45	49	52	60	0
1	6	12	21	22	27	33	36	37	40	41	44	46	49	60	64	0
1	3	4	6	10	18	21	52	56	59	0
6	8	11	15	20	23	31	32	33	34	38	41	43	44	45	46	47	54	55	57	0
24	28	29	30	32	34	37	43	45	47	53	54	57	58	0
2	21	23	27	31	32	33	40	47	57	58	61	63	64	0
4	8	27	31	32	33	38	43	44	48	51	54	55	56	64	0
3	7	11	14	27	31	35	39	45	56	60	63	0
1	4	14	15	17	22	26	28	29	30	32	37	40	42	52	54	60	61	62	63	64	0
1	5	11	12	17	18	26	27	28	29	31	38	42	44	45	48	50	51	52	55	60	0
2	4	6	7	10	12	23	24	26	28	29	34	37	40	41	42	48	52	53	54	58	61	63	64	0
1	6	19	21	22	26	27	33	35	36	37	41	42	43	44	45	52	53	60	61	64	0
1	5	11	15	18	20	23	30	34	38	45	49	53	54	55	62	0
1	3	7	8	14	16	24	34	45	55	57	61	64	0
1	5	12	13	14	15	17	22	24	27	31	33	34	39	40	43	47	52	54	58	59	0
4	9	11	18	20	22	26	29	32	35	39	42	55	59	0
7	8	12	14	15	16	21	30	37	38	40	41	42	48	53	55	60	63	0
8	12	13	14	15	16	22	23	24	28	31	33	37	39	47	48	53	57	0
6	8	13	20	24	26	33	34	39	42	47	48	49	53	54	61	64	0
3	20	31	32	33	34	38	39	41	44	47	48	49	54	57	59	0
1	6	9	13	16	18	26	27	29	34	37	46	49	60	0
1	14	16	24	26	29	32	34	42	45	46	47	54	60	0
1	9	15	16	22	23	26	27	30	32	34	35	36	44	55	56	59	60	0
2	5	6	8	10	11	12	16	21	24	26	43	44	49	51	53	62	64	0
4	6	15	18	20	26	27	28	37	40	41	42	44	49	50	55	62	63	64	0
3	4	9	16	21	22	29	32	33	39	40	41	42	51	52	62	63	0
5	7	8	13	14	15	17	19	20	23	24	35	41	42	43	46	47	53	61	62	64	0
3	6	11	20	32	47	57	58	0
2	7	15	16	29	32	46	48	53	56	57	63	0
1	8	9	11	13	19	21	23	25	31	32	33	34	37	48	53	54	56	64	0
1	8	10	18	19	21	27	33	34	35	39	40	41	46	49	51	52	54	64	0
3	4	10	11	13	14	15	26	27	29	31	33	35	37	41	42	44	52	53	61	63	0
2	5	8	11	16	26	29	32	35	36	38	39	45	47	60	0
3	6	8	9	13	16	18	19	25	29	30	45	51	52	59	0
3	11	14	18	22	26	27	28	36	40	42	50	51	60	0
4	7	10	11	13	20	27	28	33	37	50	61	0
6	9	11	25	37	38	42	45	56	64	0
1	2	4	5	7	8	12	20	23	24	30	31	32	34	39	43	44	45	55	57	61	62	63	64	0
1	10	16	28	31	33	34	36	41	49	54	58	60	0
3	21	31	35	46	47	48	49	60	0
1	5	8	16	18	28	30	31	33	39	47	48	51	54	60	0
1	8	17	18	22	24	28	29	31	33	34	36	41	46	47	49	52	53	59	60	0
