64
18	54	0
38	61	0
51	52	0
0
0
0
61	0
0
23	0
39	49	0
0
0
18	0
44	0
0
19	35	41	45	47	0
60	0
1	13	0
16	50	54	0
42	52	53	0
60	0
26	53	0
9	34	41	48	52	56	62	0
35	42	62	0
0
22	49	59	0
36	41	43	0
61	0
44	47	0
49	51	0
0
54	0
36	56	62	0
23	0
16	24	43	0
27	33	0
0
2	0
10	52	0
45	0
16	23	27	64	0
20	24	59	64	0
27	35	48	0
14	29	0
16	40	50	52	0
52	56	0
16	29	61	0
23	43	60	0
10	26	30	0
19	45	55	0
3	30	0
3	20	23	39	45	46	0
20	22	58	0
1	19	32	0
50	0
23	33	46	0
0
53	0
26	42	0
17	21	48	0
2	7	28	47	0
23	24	33	0
0
41	42	0
