64
7	18	20	25	34	35	52	54	56	0
34	38	47	61	62	0
5	8	23	25	36	38	51	52	53	0
5	10	23	35	52	64	0
3	4	8	27	39	51	55	0
27	33	38	39	40	41	60	0
1	19	21	26	32	52	55	56	61	0
3	5	11	13	25	31	32	48	0
23	28	30	56	0
4	13	19	39	49	50	52	54	58	0
8	12	16	17	22	27	52	54	0
11	19	25	54	60	62	0
8	10	18	28	31	41	63	0
19	37	44	48	60	0
25	34	37	45	61	0
11	19	26	35	41	45	47	52	64	0
11	19	24	36	40	45	60	0
1	13	30	38	41	63	0
7	10	12	14	16	17	50	53	54	59	0
1	22	42	52	53	55	60	0
7	33	37	42	59	60	0
11	20	26	28	32	44	45	48	53	0
3	4	9	28	30	34	41	48	49	52	54	56	58	62	0
17	35	37	42	62	0
1	3	8	12	15	26	33	36	37	45	57	0
7	16	22	25	47	48	49	59	0
5	6	11	36	39	41	43	51	57	60	0
9	13	22	23	46	50	52	54	61	0
37	44	47	49	58	62	0
9	18	23	36	37	49	51	58	0
8	13	33	41	49	52	58	60	0
7	8	22	54	58	0
6	21	25	31	35	36	56	62	0
1	2	15	23	38	41	46	50	57	59	61	0
1	4	16	24	33	43	47	48	54	55	56	0
3	17	25	27	30	33	45	46	47	50	51	0
14	15	21	24	25	29	30	48	0
2	3	6	18	34	48	0
5	6	10	27	47	52	0
6	17	45	0
6	13	16	18	23	27	31	34	45	47	49	51	57	64	0
20	21	24	45	55	59	64	0
27	35	48	59	0
14	22	29	47	56	57	0
15	16	17	22	25	36	40	41	42	48	50	52	0
28	34	36	49	52	56	0
2	16	26	29	35	36	39	41	44	52	57	61	0
8	14	22	23	26	35	37	38	43	45	60	61	0
10	23	26	29	30	31	41	46	0
10	19	28	34	36	45	51	55	0
3	5	27	30	36	41	50	61	0
1	3	4	7	10	11	16	20	23	28	31	39	45	46	47	0
3	19	20	22	58	0
1	10	11	12	19	23	28	32	35	60	0
5	7	20	35	42	50	56	58	59	0
1	7	9	23	33	35	44	46	55	59	61	62	0
25	27	34	41	44	47	59	0
10	23	29	30	31	32	53	55	0
19	21	26	34	42	43	55	56	57	0
6	12	14	17	20	21	27	31	48	54	61	0
2	7	15	28	34	47	48	51	56	60	0
2	12	23	24	29	33	56	0
13	18	0
4	16	41	42	0
