64
31	43	44	63	0
6	10	15	33	51	0
6	25	48	50	0
16	18	29	31	38	54	58	0
46	0
2	3	34	59	0
36	39	0
14	17	18	20	23	39	52	53	0
20	45	59	0
2	54	0
26	32	35	59	0
22	32	33	39	0
19	52	56	58	0
8	36	39	0
2	45	47	0
4	43	0
8	0
4	8	43	56	57	63	0
13	49	0
8	9	47	50	58	0
25	28	34	46	53	62	0
12	40	48	64	0
8	26	35	0
27	33	40	44	49	0
3	21	52	0
11	23	32	38	54	57	0
24	32	43	47	53	0
21	33	58	61	0
4	31	32	54	0
60	0
1	4	29	54	64	0
11	12	26	27	29	60	0
2	12	24	28	40	42	58	64	0
6	21	36	44	53	0
11	23	54	55	0
7	14	34	0
40	43	58	0
4	26	39	0
7	8	12	14	38	40	48	60	0
22	24	33	37	39	47	0
53	64	0
33	44	0
1	16	18	27	37	46	0
1	24	34	42	46	0
9	15	56	0
5	21	43	44	62	0
15	20	27	40	49	50	55	0
3	22	39	0
19	24	47	0
3	20	47	57	0
2	0
8	13	25	54	0
8	21	27	34	41	0
4	10	26	29	31	35	52	0
35	47	0
13	18	45	59	0
18	26	50	60	0
4	13	20	28	33	37	0
6	9	11	56	0
30	32	39	57	0
28	0
21	46	0
1	18	0
22	31	33	41	0
